       0.0000000      0.91807176      0.87768233      0.89671402      0.82064728      0.99247073      0.85691614      0.84024077      0.95242450     -0.25032824    -0.090847105     0.042508073
     0.018512774      0.94292843      0.94757755      0.99674520      0.93951802      0.97929411      0.92759509      0.98487765      0.83026156    -0.098015636    -0.075831257     0.016326604
     0.037004717      0.94432566      0.94433366      0.96053886      0.95851984      0.93547435      0.89067560      0.94481431      0.88300865    -0.094426341    -0.059803806     0.024853675
     0.055463333      0.87386223      0.86577927      0.91423999      0.83090956       1.0090675      0.93900560      0.88236102      0.85383207     -0.36904681    -0.081321560     0.030696480
     0.073948335      0.93119295      0.85448767      0.90894078      0.84993716      0.96850220      0.89454196      0.85800808      0.79866791     -0.38954496    -0.099749126     0.014303239
     0.092471659      0.75369669      0.81919896      0.86727979      0.78338136      0.87174637      0.91715927      0.77835157      0.89642074     -0.57145554    -0.087362029    0.0047466941
      0.11098861       1.0297735      0.90078500      0.94514622      0.90394766      0.95557894      0.93733364      0.89679835      0.88192823     -0.19885987    -0.060740720     0.031120941
      0.12949111      0.94880069      0.89270924      0.90227611      0.83693644      0.98377070       1.0093097      0.90975539      0.85530407     -0.25131425    -0.054746557     0.026741575
      0.14799694      0.86958840      0.88216413      0.91486810      0.87547660      0.96294426      0.89209462      0.90705754      0.86010893     -0.32414624    -0.060476229     0.035838902
      0.16648361      0.99533609      0.92147723       1.0836175      0.90623401       1.0371551      0.89983910      0.97535874      0.94572715    -0.034835413    -0.073272847     0.034468692
      0.18543278      0.94235719       1.0129541       1.0270959      0.95173621       1.0074694       1.0269202       1.0446389      0.96101820    -0.018270126    -0.054653484     0.017423276
      0.20396694      0.92694678      0.88721537      0.92115114      0.84309706      0.95895218      0.93934084      0.91479544      0.86717694     -0.20665854    -0.042523548     0.035484787
      0.22243777      0.88839845      0.94181896      0.90028113      0.96735871      0.92309732      0.94166319      0.95497216      0.93404789     -0.16207010    -0.030732527     0.030641461
      0.24089222       1.0878299       1.0105725       1.0675699      0.95031846      0.98604905       1.0244233      0.97861778       1.0106251     0.036002766    -0.030053167     0.011860722
      0.25938083       1.0704049      0.99398164       1.0138577      0.98972271       1.0447283       1.0024042      0.93386870       1.0439594      0.12296039    -0.028185857     0.015175538
      0.27789110      0.95503898       1.0655963       1.0552159       1.0519210       1.0391656      0.98623842       1.0279201       1.0679790     0.057695691    -0.022560949     0.028063308
      0.29640194      0.89168128      0.86250511      0.95809563       1.0588870       1.0062144      0.93259641      0.86970684      0.87550374     -0.19555973    -0.025329918     0.017285554
      0.31493472      0.94309574      0.90699884      0.95141595      0.97136099      0.92853026       1.0615887      0.99150856      0.87778854     -0.17363398    -0.034434117     0.031609792
      0.33342472      0.83316563      0.81598703      0.78065543      0.91618299      0.77914978      0.81066754      0.87032782      0.82235728     -0.61506534    -0.029137436     0.015789151
      0.35189471      0.89804893      0.90116884      0.93619547      0.89360022      0.93117543      0.94616216      0.89780200      0.83570255     -0.28325638    -0.039061196    0.0090917349
      0.37084055      0.87274984      0.97282093      0.88629037      0.94542746       1.0204449      0.92336367      0.88928467      0.98549310     -0.10423241    -0.013334876     0.045531482
      0.38930389      0.94230634      0.92650241      0.91381384      0.81395034      0.89985150      0.90541203      0.87912585      0.94551472     -0.24791116    -0.035099279     0.040500939
      0.40780944       1.0863591      0.97610135      0.99396245      0.94447376      0.96525089      0.97047760      0.90698420      0.86516558    -0.092876926    -0.043104488     0.045044690
      0.42629360      0.94540991      0.97827704       1.0119587      0.99604587       1.0048220      0.98352408       1.0699865      0.97492413    -0.017113075    -0.033777758     0.020807458
      0.44476611      0.96421896      0.86403441      0.91451988      0.85024207       1.0018837      0.96252557      0.89452211      0.97240748     -0.23569927    -0.034094911     0.025542550
      0.46327889       1.0549518       1.0770416       1.0495289      0.99200822      0.99945037      0.99373713      0.99448098       1.0466322      0.11571072   -0.0039006399     0.038064539
      0.48179555      0.87322235      0.95242697      0.94253413      0.89335536      0.97459295      0.96567369      0.83852477      0.92597204     -0.30214137   -0.0021456270     0.027275924
      0.50032528      0.82122098      0.96857122      0.97983484      0.95537765      0.89258035      0.88416356      0.94979582      0.90116034     -0.28532794   -0.0067002447     0.042180829
      0.51877528      0.90116231      0.84438104      0.87973103      0.86159817      0.90656975      0.88631880      0.93744621      0.95535314     -0.34956464    -0.026488936     0.023760997
      0.53724444      0.98698554      0.94014469      0.94639094       1.0720330      0.95107071      0.99887304      0.88819261      0.98634277     -0.19068645    -0.023981493    0.0083217360
      0.55617611      0.90397913      0.94129087      0.94679718      0.88466409      0.99178924      0.99904664      0.96618238      0.90255976     -0.23678522    -0.052876748     0.028382303
      0.57466194      0.91211814      0.95141982       1.0689275      0.96263549       1.0870435      0.99484099      0.93143119       1.0169215    -0.037767146   -0.0045966133    0.0065209409
      0.59311749      0.99246310      0.99497042      0.91502396      0.98577192      0.91968902      0.92743332      0.98253832      0.97099027     -0.12149733    -0.032702927    0.0098339394
      0.61160111      0.92878277      0.96605919      0.97605455       1.0081485       1.0297945      0.95475749       1.0066923      0.97792614     0.022919444   -0.0044979528     0.027809612
      0.63007694       1.0580497      0.98587396       1.1065993       1.0813362       1.0925619       1.0256332       1.0841143       1.0820292      0.22042221    0.0043097101     0.016382581
      0.64856360       1.0504547      0.95524670      0.98942941      0.94956633       1.0685546      0.97948250       1.0473155      0.98570482     0.028579336   -0.0092801973     0.038702928
      0.66702250      0.98661159       1.0077542       1.0680936      0.99652063       1.0501927      0.96770503       1.0438398       1.0088603      0.10189292    -0.012651199     0.025283534
      0.68550555       1.0518849       1.0615591       1.0472880       1.0566144       1.0367719      0.97464694       1.0612640       1.0643271      0.23475197    0.0074296938     0.018178266
      0.70397861      0.95801082      0.90743685      0.91620176      0.94440367      0.94778346       1.0192539      0.95711321      0.89143843     -0.23147573    -0.016373815     0.022944497
      0.72243138       1.0020054       1.0755788       1.0477635       1.0199223       1.0535354       1.0408096       1.0638311       1.0250880      0.16220050   -0.0026466097     0.018081661
      0.74140277       1.0884761       1.0158163       1.0368747       1.0936162       1.0480825       1.0872021       1.0744734       1.0648505      0.17068605    -0.027182363     0.017957071
      0.75991055      0.98493275      0.95926863       1.0534024      0.99637036       1.0397765       1.0759918       1.0948682      0.99700452      0.18062192    0.0086390460     0.033256300
      0.77837055       1.0123678       1.0134092       1.0251133       1.0563146       1.0382006       1.0288426       1.0550686       1.0634637      0.12343815   -0.0049850037     0.040001102
      0.79688944       1.0538176       1.0259916       1.1063009       1.0545431       1.0619822       1.0597850       1.0494826       1.0736704      0.20277607     0.023225999     0.019221116
      0.81535139       1.0576305       1.0133409       1.0658651       1.0730337       1.0764527       1.1488555       1.1230345       1.0306516      0.27953541     0.027050670     0.015153874
      0.83382666      0.95204118       1.1075148       1.0351545       1.0739846       1.1209661      0.94805682       1.0068012       1.0508433      0.19402482   -0.0077266796     0.033084609
      0.85231638       1.0268510       1.1212575       1.0803338       1.0272241       1.1010156       1.1850621       1.0330139       1.1531843      0.33467993    0.0047120820     0.015970845
      0.87077889       1.0079323       1.0704391       1.0938214       1.0082957       1.0625446       1.0185908       1.0257712       1.0705305      0.18717635     0.022135049     0.022292864
      0.88923805       1.1091326       1.0239737       1.0501610       1.1046373       1.0672377       1.1167099       1.0629973       1.0574784      0.19386970     0.012253359     0.033868648
      0.90770888      0.99373163       1.0964897       1.0765998       1.0352113       1.0629643       1.0490890      0.95887902       1.0520155      0.17903647     0.015776152     0.022964517
      0.92658221       1.0740746       1.0982353       1.0516980       1.0524108       1.0586245       1.0302082       1.0536084       1.0588956      0.24119422     0.028134465     0.029224612
      0.94509111       1.0417986       1.1101592      0.99099294      0.95198088       1.0770304       1.0679706       1.0111321       1.0681391      0.18694541     0.010667099     0.010492323
      0.98009638      0.98838319      0.97555468       1.0346372      0.94814225       1.0311830      0.90403292      0.93614259      0.94851391    -0.039061435     -0.12670663    -0.011476224
      0.99857555       1.0321783       1.0311570       1.0860523       1.0128131       1.0284717      0.98408054       1.0450923      0.95659146      0.14797945     -0.11059263    -0.013475100
       1.0171044       1.0057447       1.0120593       1.0479917      0.98139379      0.96718635      0.96575478      0.97582939      0.93466244    -0.021726007     -0.10668830    -0.012081919
       1.0355997       1.0235731      0.98111883       1.0034555      0.90806981      0.97746676      0.99540191       1.0154870      0.98113351   -0.0064352383     -0.11109750    -0.018024430
       1.0541044       1.0572290      0.92469475       1.0182159      0.88823653      0.97908231      0.95400707      0.95264536      0.90582612    -0.041207086     -0.12017839    -0.014783824
       1.0726128       1.0628973      0.90209104       1.0295148      0.90276132      0.94975596      0.95410844      0.90979914      0.96363123     -0.12919591     -0.12867483    -0.033826519
       1.0911197      0.96559875      0.90070887      0.98407238      0.94182200       1.0240687      0.89780600      0.90868610      0.90338897     -0.16507572     -0.11817549   -0.0034671845
       1.1096250      0.95744313      0.99298321       1.0248602       1.0928545      0.98257735       1.0073588      0.96418251      0.94403787     0.048626520     -0.11171336    -0.028229300
       1.1281147       1.0376279       1.0942200       1.0389191      0.98769853      0.99284847       1.0885083      0.97842699      0.94923000     0.070317507     -0.10695040   -0.0099250656
       1.1465864      0.97895974      0.99913548       1.0236215      0.94989561       1.0002687      0.90210248      0.89363350      0.99551342     0.025213536     -0.10067088   -0.0063117528
       1.1655458      0.99691785       1.0144891       1.0270037       1.0086995      0.95818562       1.0886226       1.0262150      0.98502815     0.062239200    -0.098168626   -0.0075119166
       1.1840758      0.90447233      0.87932798      0.95802070      0.87568315      0.94262091      0.91767177      0.96306348      0.86144925     -0.24908704    -0.082992591    -0.013345141
       1.2025222      0.93059688      0.92274715      0.92460512      0.89932364      0.93181263      0.89688535      0.87695364      0.86494517     -0.28140336    -0.093789414    -0.016553162
       1.2210192       1.0079645       1.0320951      0.99430047      0.97629375       1.0228223      0.90373541      0.94289205      0.99756513    -0.064520091    -0.078328617    -0.011131746
       1.2394817       1.0883173       1.0459595       1.0404163       1.0045759       1.0827594       1.0582307      0.98634576      0.96236845      0.10074612    -0.089817591    -0.014701274
       1.2579886      0.98670678       1.0408802       1.0361249       1.0567803      0.95738516       1.0959880      0.99985519       1.0056985      0.14766003    -0.075525410    -0.014713767
       1.2765156      0.93970242       1.0047217       1.0935102      0.93632325       1.0557299      0.98115763      0.94740207      0.90842065    -0.037800726    -0.085401103   -0.0086024897
       1.2950128      0.99268197      0.98435533       1.0759607      0.97312305      0.99612497       1.0489864      0.98429801       1.0247015     0.087650061    -0.069348283    -0.027090706
       1.3135350       1.1331579       1.0242440       1.0898955       1.0805700       1.0712246       1.0156902       1.0448403       1.0023322      0.24836238    -0.057968732   -0.0035540052
       1.3319975       1.0907772       1.0462337       1.0954466       1.0412371       1.0061262      0.99970218       1.0689238       1.0051364      0.18521398    -0.072228201    -0.017539574
       1.3508950       1.0962480       1.1090661       1.0618124      0.98277131       1.0998683       1.0251254       1.0475234      0.97022579      0.23637664    -0.053299822    -0.015837738
       1.3693925       1.0275929      0.98232677       1.0427488      0.94016438      0.93653829       1.0209809      0.98629575      0.96002317    -0.063724019    -0.062072333    -0.017098440
       1.3878453       1.0692850      0.95991072       1.0698748      0.96601712       1.0469824       1.0618934       1.0248791       1.0154191      0.10593899    -0.043981817    0.0079309642
       1.4063531      0.95772703       1.0417371      0.97478432      0.95968709      0.99240815      0.91803731      0.93688625      0.97207572    -0.019989798    -0.072119489    -0.014292778
       1.4248397       1.1017299       1.0045078       1.0572583       1.0416898       1.0243589      0.96769367       1.0300650      0.95693571     0.083834633    -0.043368690    -0.020695152
       1.4432889       1.0319549       1.0000022      0.94236947      0.94308591       1.0391290      0.94157358      0.96817358       1.0478507     0.010224676    -0.055127375    -0.012868321
       1.4617464       1.0217515       1.0133030      0.99569154      0.95827833      0.98182003       1.0048945       1.0218164      0.99038655    -0.085541077    -0.053451668    0.0014300328
       1.4802586      0.91279598      0.93957155      0.91553633       1.0035069      0.88265068      0.87822481      0.95453873      0.92712653     -0.30399379    -0.042433292    -0.037799496
       1.4987092      0.97484022       1.0369082      0.99353180       1.0711581       1.0523989       1.0195705       1.0331068      0.94712213      0.10156658    -0.030792773    -0.011513020
       1.5172108      0.92529290      0.99387647       1.0326809       1.0783717      0.93258928       1.0036523       1.0350468      0.92445374     0.025646087    -0.064783037   -0.0021931808
       1.5361919       1.0289819       1.0483620       1.1033557      0.96197946       1.0101461       1.0521141       1.0593006       1.0352364      0.17535387    -0.037260920   -0.0083702160
       1.5547158       1.0202928      0.92844560      0.99089861      0.98162564       1.0605900       1.0956290       1.0703935       1.0411232     0.083192416    -0.023626452    -0.024758566
       1.5732217      0.94303792      0.93835591      0.98007952      0.87235027      0.94876118      0.87869897      0.96657914      0.98759783     -0.16772611    -0.036808763   -0.0099569578
       1.5917475      0.89995521      0.96320509      0.97655432      0.91970340       1.0302853      0.95124964      0.95328375      0.86922479     -0.13642135    -0.028138623    -0.021301026
       1.6102153       1.0373968       1.0549051       1.1135047       1.0582716       1.0349023       1.0236179       1.1257113       1.0808566      0.27843648    -0.013528256    -0.016996915
       1.6286900       1.0799181       1.0464313       1.0205640       1.1262207       1.0546082       1.0332291       1.0231118       1.0016608      0.26990604    -0.014274132   -0.0068435650
       1.6472200       1.0222974      0.97909437       1.0129508      0.91352425       1.0056932      0.89759945      0.94433347      0.94889085    -0.072900996    -0.024155701   -0.0073205745
       1.6656714       1.0033462       1.0847107      0.99626223       1.0056227       1.0213131      0.93611062       1.0303340      0.98133634     0.077522449    -0.013494651    0.0012993708
       1.6841881      0.86500943      0.96169868      0.97372285      0.99745579      0.90331043      0.90672663       1.0691664      0.95526095     -0.12045392    -0.011108862    -0.024044173
       1.7027167      0.99670075      0.98560114       1.0327759       1.0095951       1.0654589       1.0473276       1.0056608      0.94650157      0.15508215   -0.0032964963    0.0026479783
       1.7216130      0.94718180      0.91053043      0.97144088       1.0391288       1.0490244       1.0430924      0.99904391      0.93088255     0.017012462    -0.033902477  -9.2134578e-05
       1.7401450       1.0239447       1.0896335       1.0354307       1.0513374       1.0900890       1.0361801       1.0997260       1.0826148      0.30110794    -0.032448377    -0.022258375
       1.7585753      0.98421477      0.97534096      0.92939835      0.96409829      0.89698623      0.91759014      0.91952865      0.88307763     -0.16722971    -0.044073604   -0.0097042918
       1.7770458       1.0848373       1.0677022       1.1670252       1.1358170       1.0362706       1.0179954       1.0518635       1.0525480      0.18396923    0.0011456956   -0.0034210654
       1.7955000       1.0520827       1.0177823       1.0555096      0.97948183       1.0260699       1.0206128      0.95256390       1.0546586     0.067943722   -0.0048029339   0.00011488888
       1.8140297      0.98306963       1.0362698       1.0109178       1.0175064       1.0168696       1.0072200       1.0347487       1.0556976     0.024417803   -0.0083533013     0.010242557
       1.8325200      0.96699085      0.95618706      0.99626143       1.0541444      0.95480670       1.0155860       1.0022028      0.95166061    -0.029596301    -0.033705048   -0.0094147148
       1.8509919       1.0312816       1.0127911       1.0126662       1.0027476      0.99015255      0.97121193       1.0605695      0.98454502      0.14261255    -0.018295048    -0.023947425
       1.8695050       1.0311119       1.0463526       1.0767546       1.0198185       1.0368373       1.0341321       1.0802240       1.0319308      0.19671704   -0.0047546215  -1.2176111e-05
       1.8880344       1.0849363       1.1158802       1.0409797       1.0834488       1.1058402       1.0972087       1.0493932       1.0859444      0.29668581     0.013811219   -0.0045754034
       1.9070486       1.0136776       1.0771344       1.0619344       1.0459997       1.0418896       1.0249465       1.0249636       1.0440057      0.26296252   -0.0071586631    0.0014735647
       1.9255692       1.0712990       1.1097110       1.0616579       1.1066876       1.0604817       1.0763707       1.0740174       1.0591056      0.39968854     0.018793521    -0.015870914
       1.9615319       1.0694838       1.0807707       1.0805558       1.0758695       1.0620875       1.0846701       1.0815326       1.0851737      0.30932152     0.026106341    0.0095518101
       1.9800425       1.1747880       1.1272009       1.1132895       1.1008011       1.1254300       1.1282268       1.1060992       1.1117902      0.47411618     0.022227198    -0.022175882
       1.9985242       1.0725050      0.99943375       1.1137221       1.1752117       1.0427265       1.0574429       1.1563753       1.0715091      0.25131172     0.020992791   -0.0091526285
       2.0170075       1.1237806       1.0770974       1.0969253       1.0540496       1.0661367       1.1299691       1.0708303       1.0932635      0.41709250     0.025404466  -0.00020227954
       2.0354755      0.99845976       1.0094585       1.1028333       1.0691011      0.98818864       1.0611793       1.1131595       1.0975338      0.24635950     0.012815603   -0.0099026207
       2.0539878       1.0515036       1.1384338       1.0379388       1.1182977       1.0113309       1.0981582      0.98602763       1.1094122      0.31278828     0.015916537   -0.0070680417
       2.0724667       1.0205869       1.0479337       1.0817569       1.0593795       1.0148213       1.1159271       1.0900711       1.0156199      0.18419649     0.032102324   -0.0021846779
       2.0909278       1.0906007       1.0735152       1.0979622       1.1110675       1.1203472       1.0434082       1.1239090       1.1390905      0.41935855     0.026393522    -0.019066390
       2.1093789       1.1662937       1.1398550       1.1234924       1.1847592       1.1483789       1.1923060       1.2557124       1.2386283      0.56671190     0.045759231   -0.0032953769
       2.1278908       1.0125905       1.1594306       1.0796922       1.0321682       1.1165424       1.0394176       1.1093283       1.1136945      0.26822385     0.020024512   -0.0092569403
       2.1468422       1.0834585       1.0138957      0.98552328       1.0610350       1.0185835      0.97286988       1.0678457       1.0330148     0.012353387    0.0080525242    -0.015903579
       2.1653672       1.0702099       1.0201581       1.1023227       1.0553857       1.1534159       1.0867710       1.0219913       1.0923409      0.26382676     0.012282033    -0.012821047
       2.1838511      0.99110825      0.95458430      0.96627112      0.94815489      0.96271353       1.0027098       1.0479927       1.0210100    -0.013657220    0.0011716678   -0.0037085563
       2.2023525       1.1438318       1.0927415       1.0402044       1.0525722       1.0672838       1.0861534       1.0428416       1.0982440      0.29437307     0.032048963    0.0037085339
       2.2207897       1.0195996       1.0676679       1.0910831       1.0970376       1.0771216       1.1705456       1.1267546       1.0896449      0.39339277     0.018321864   2.7336180e-05
       2.2393028      0.99290995       1.0551668       1.0022014       1.0260324       1.0333966       1.0641444       1.0486826       1.0187356      0.15041330     0.013169033   -0.0033201184
       2.2577647       1.0312432       1.0043532       1.1026081       1.0669163       1.0558707      0.96757220       1.0261780       1.0571095      0.23318867     0.019370556    0.0059498437
       2.2762503       1.1558077       1.0972598       1.0705650       1.1545916       1.0922356       1.0916295       1.1132241       1.0609245      0.37929255     0.017982677   -0.0026720203
       2.2946992       1.0640935      0.97499949      0.96398204       1.1153395       1.0577221       1.0920197       1.1033447       1.0179805      0.20449767    0.0052275178    -0.010543423
       2.3131903       1.0832630       1.0665617       1.0983530       1.0725066       1.0712352       1.0978020       1.0140746       1.2408339      0.34904993     0.034193520    0.0031198356
       2.3321361       1.1639771       1.1432484       1.1127828       1.0876189       1.1558740       1.1984889       1.0682811       1.1438473      0.51039469     0.022816341  -0.00031398237
       2.3505956       1.1724747       1.1096804       1.0527579       1.1468285       1.1081777       1.1159028       1.0866800       1.1871518      0.45419872     0.034064200   -0.0014269799
       2.3691239       1.1559849       1.1220005       1.0972957       1.0881431       1.0830634       1.1544392       1.0764514       1.1308741      0.43512267     0.033162139     0.010223728
       2.3876331       1.0465309      0.98005802       1.0903768       1.0255556       1.0316314       1.1353339       1.0480293       1.0689491      0.18570884     0.032040760   -0.0058064144
       2.4061305       1.1251208       1.1250853       1.1135881       1.1375703       1.1352147       1.1637385       1.1732713       1.1036705      0.48521805     0.040245488  -0.00036063790
       2.4246108       1.1818751       1.1402914       1.0354688       1.0464093       1.0529098       1.0884398       1.1482880       1.1716310      0.36279535     0.016652107   -0.0096136108
       2.4430886       1.1739007       1.0966754       1.0847289       1.2340586       1.0922036       1.2417199       1.1684128       1.1894460      0.55637956     0.036987189   -0.0064978078
       2.4615531       1.1190912       1.2165101       1.1057498       1.1678942       1.1586827       1.2322004       1.1428125       1.1297637      0.42472076     0.039375722   0.00099238753
       2.4800250       1.0093956       1.0905476       1.0422629       1.0462321       1.0416254       1.0415983       1.0809642       1.1674839      0.25952870     0.034026518    -0.021701045
       2.4985225      0.93720497       1.0095778      0.95622099       1.0183515      0.96334795      0.99698520       1.0262994      0.97551259    -0.032764241     0.018015649     0.016995870
       2.5173883       1.0591963       1.0849759       1.1250748       1.0654665       1.0707261       1.0473665       1.0616809       1.1348611      0.25765225     0.029453326    0.0080568288
       2.5358536       1.0840788       1.0813696       1.0783760       1.2116808       1.1050265       1.2029225       1.0751631       1.1426318      0.35334480     0.036673170    0.0051267166
       2.5543680       1.0351480      0.99896875       1.0299333       1.0558314       1.0296070       1.1140474       1.0255153       1.0158065      0.10870468     0.028851572   -0.0031493399
       2.5728064       1.0383362       1.0210582      0.98576566       1.0319786       1.0063803       1.0476522       1.0318343       1.0086678     0.038089838     0.012503791   -0.0084563158
       2.5913072      0.95203716      0.98727880      0.95583406      0.96491649       1.0239266      0.96774973       1.0005643       1.0118451    -0.015868641     0.029396519   -0.0020380863
       2.6097636       1.0068434      0.99926753      0.96373015       1.0561655       1.0375858      0.99808075      0.84162337       1.0415073    -0.039580800    0.0053842124    -0.016945869
       2.6282597      0.89486495      0.92442552      0.95555667      0.90116436      0.95348179      0.95782790      0.94806812      0.97886258     -0.25438842    0.0035682670   -0.0018658657
       2.6467231      0.94350481      0.97769897       1.0177991       1.0663296      0.99006012       1.0401518       1.0538377       1.0869754     0.041164085    0.0086450521    -0.016087916
       2.6651972       1.0451515       1.0801022       1.0459940       1.0921867       1.0700244       1.0954851       1.0663126       1.0882890      0.27882445     0.013312444    -0.021067049
       2.6836775       1.0550407       1.0237775       1.0292390       1.0393653       1.1206170       1.1207714       1.1234582       1.0131127      0.22856942     0.030223856    -0.010102044
       2.7026011      0.95341637       1.0236304      0.98755487       1.0281520       1.0717948       1.0546775      0.96394013      0.92012861    -0.085404739    0.0039702971   -0.0085214851
       2.7210592      0.89501028      0.96420516      0.90710036      0.97936232      0.90513720      0.92225460      0.95633832      0.92681328     -0.27613458   -0.0026999959    -0.021364387
       2.7395189       1.0885124       1.0119221       1.1179048       1.0672298       1.0127968       1.0787212       1.0315406       1.0436732      0.11619043     0.037519060    -0.012745614
       2.7580217       1.0462419       1.0137471       1.0569354       1.0560487       1.0089139       1.0844109       1.0336603       1.0246533      0.12539278    0.0089847026    -0.012709871
       2.7765494      0.84312449      0.83930286      0.89796484      0.84923074      0.84954678      0.87761478      0.83276301      0.90335765     -0.42387575   8.5897278e-05    -0.030157939
       2.7950786      0.89957239      0.91936956      0.91902012      0.98922340      0.88785301      0.94439032      0.92603111      0.97606189     -0.19959855     0.011525075    -0.020484269
       2.8135664      0.92138497      0.92731779      0.91206805      0.89638783      0.92044315      0.98709002      0.91527896      0.87072111     -0.31787929     0.014643262   -0.0037208740
       2.8320975       1.0131669      0.94681880      0.89751809      0.96217654      0.97453396       1.0334486      0.97000427      0.93281264     -0.16938646     0.026674083    -0.023364328
       2.8506083      0.86232398       1.0213276       1.0151244      0.98574755      0.95095349      0.90877427       1.0116639       1.0128074    -0.034901891     0.023466522   -0.0041032005
       2.8691061       1.0468963      0.97906985      0.94442077      0.98934966      0.97247646       1.0442151       1.0513662      0.96565403    -0.010196860     0.028481506    -0.017855085
       2.8880617      0.96176450      0.91269299      0.93827458      0.98821657      0.93766986      0.92521849      0.89658906       1.0264955     -0.22790450     0.021333642   -0.0084298477
       2.9065322       1.0786584       1.1387932       1.0402862       1.0623191       1.1126881       1.0718650       1.0830885       1.0982796      0.34669566     0.039667353   -0.0030733310
       2.9418478       1.0861430       1.0590555       1.0611386       1.1147609       1.0759655       1.1426902       1.0626140       1.1486995      0.31039229     0.049797393    -0.015835410
       2.9603783      0.98947263       1.0707169       1.0396805       1.0962584      0.98295891       1.0878192       1.0575466       1.0449547      0.17386042     0.041453324    -0.012930959
       2.9788739       1.0223928       1.0006646      0.97225966       1.0137117       1.0030972       1.0143967       1.0419581       1.0220654     0.030020518     0.033709832    -0.021890156
       2.9973342       1.0349283       1.0392812      0.99485255       1.0888025      0.93656488      0.97912622       1.0131730       1.0107271     0.055905063     0.026371859    -0.027200561
       3.0158403       1.0969128       1.1104238       1.1276302       1.1183428       1.1113765       1.1161045       1.1473703       1.1334230      0.33882043     0.044969685    -0.012145776
       3.0343267      0.99081045       1.0567924      0.99573545       1.0068485       1.0106720       1.0714107      0.99680592       1.0502409    0.0075702942     0.025874360    -0.018228473
       3.0527897       1.0891866       1.0604294       1.0824783       1.0733067       1.0236882       1.1201530       1.1161724       1.1175245      0.29880565     0.043265115   -0.0057638083
       3.0713197       1.0498973       1.0750770       1.0264600       1.0656816       1.0098239       1.0625449       1.0635735       1.0992395      0.19067511     0.026436951    -0.025144259
       3.0898394       1.0672961       1.1229912       1.0667875       1.1185887      0.99659816       1.0489273       1.0324582       1.0785983      0.22393301     0.033492889    -0.014132252
       3.1083425       1.1621024       1.0881481       1.0430822       1.0578387       1.0673855       1.1704109       1.0771878       1.1013583      0.27190024     0.024902012    -0.012661234
       3.1273086      0.99280755       1.0147767       1.0211573       1.0140136      0.99490144       1.0027608      0.98177176       1.0596381     0.042419661     0.031675234    -0.030221052
       3.1457836      0.89215845      0.95840051      0.95513532      0.95768747      0.92036755      0.92435404      0.99882898      0.94771818     -0.22942211     0.020719558    -0.022609396
       3.1642392       1.0131071       1.0278748      0.97831472       1.0028993       1.0192246       1.0238408      0.87249212      0.99314716    -0.027549008     0.027561139    -0.025960790
       3.1827386       1.1362245       1.1376478       1.0457151       1.0637549       1.1027006       1.1361284       1.1315745       1.0762643      0.35633713     0.037461009  -0.00027702376
       3.2012686       1.0766295       1.0360583       1.0767830       1.0884291       1.0548471       1.1021660       1.1578072       1.1269397      0.23598926     0.037757054    -0.016234439
       3.2197614       1.0940928       1.1138784       1.1165202       1.1533460       1.0826825       1.1480447       1.1953353       1.1011000      0.40961429     0.050542925    -0.015210900
       3.2382900      0.98200431       1.0309077       1.0252586       1.0932212       1.0711211       1.0496678       1.0828046      0.99034464      0.11132152     0.028327513    -0.020743651
       3.2568197       1.0994412       1.0680874       1.0802373       1.1353454       1.0274698       1.0732438       1.0465882       1.0476099      0.23074163     0.021897951    -0.010904137
       3.2753478       1.1326989       1.0848750       1.0709651       1.1049062       1.0430903       1.0305063       1.1245173       1.1245583      0.22427303     0.036703490   -0.0085564032
       3.2938592       1.0569997       1.0685298       1.1135018       1.1163920       1.1323422       1.1053579       1.1033487       1.0733973      0.34713995     0.036804963    -0.025199262
       3.3127803       1.1018643       1.1000002       1.0577407       1.1363625       1.0944511       1.0866568       1.1157071       1.0516477      0.28675017     0.031841766   -0.0074867941
       3.3312886       1.1096137       1.0679019       1.1069598       1.0414996       1.1011511       1.0880556       1.1072424       1.1136987      0.31232688     0.045307677    -0.013415158
       3.3498108      0.97693676       1.0157046      0.97270261       1.0057170       1.0386962       1.0361885       1.0423714       1.0169961    0.0083419336     0.018713223    -0.022263110
       3.3683103       1.1350945       1.1882182       1.1478782       1.1022893       1.1160712       1.1965256       1.1309535       1.1008144      0.37239018     0.044641830    -0.014927171
       3.3868283       1.1002707       1.0765748       1.1175875       1.1142885       1.1194495       1.0754662       1.0978560       1.1540295      0.45202628     0.045754671    -0.030121781
       3.4052694       1.1081864       1.1000961       1.1040783       1.1705324       1.0888397       1.1382943       1.0777429       1.0333480      0.34882566     0.022817511    -0.018196724
       3.4237983      0.95349855      0.96606925      0.93383546      0.95429733      0.95670790      0.97075928      0.97820319      0.98611340     -0.16032052    0.0061121816    -0.026666682
       3.4423131      0.93598824      0.91703586      0.96148829      0.89486582      0.92086994      0.95258947      0.88217044      0.94695351     -0.25550953     0.024480859    -0.019866152
       3.4607819      0.95042100      0.94823893      0.94140614      0.98422262      0.98747463      0.96440434      0.95368403      0.91638502     -0.23160256     0.031719789    -0.015750771
       3.4792769       1.1167969       1.1041390       1.0503704       1.0081965       1.1136807       1.0770073       1.0438679       1.0128307      0.21517065     0.030227982    -0.017447868
       3.4983150      0.97946879      0.96705814      0.95563479      0.92118827      0.94296497      0.89606878      0.96719531      0.93346727     -0.11886272     0.023241818    -0.011615829
       3.5167608       1.1537834       1.0288436       1.0433474       1.0364134       1.0777729       1.0651377       1.0684528       1.0231797      0.18806712     0.026965998   -0.0079975314
       3.5352847       1.0027641       1.0117589       1.0525092       1.0814315       1.0348850       1.0727807       1.0526666       1.0524061      0.12649636     0.029140923    -0.022012295
       3.5538142      0.94880140       1.0329784      0.89320962      0.98495809      0.95192389      0.98549604      0.98219343      0.98575582     -0.14631917     0.017283814    -0.027893979
       3.5722758       1.0870944       1.0318488       1.0166317       1.0747234      0.96454106       1.1049408      0.96610677       1.0430309      0.14909552     0.041356575    -0.012259123
       3.5908050       1.0548850       1.0379388       1.0367620       1.0567154       1.0355586       1.1270706       1.0319153       1.0140836      0.17147151     0.038372226    -0.013362730
       3.6093056       1.0466700       1.0419812       1.0093532       1.0865438       1.0450208      0.98181892       1.0509678       1.0959939     0.050238438     0.022365376   -0.0043299953
       3.6278125       1.0014370      0.96316980      0.93459902       1.0768474      0.97515809      0.97801891      0.98422632       1.0408793     -0.13906097     0.027024468    -0.020449424
       3.6463347       1.0004679      0.98921071      0.98041914      0.93292071      0.95147265      0.95949140      0.99953177       1.0096856    -0.082351968     0.040858965    -0.013855658
       3.6648658       1.1148071       1.0264286      0.99107457      0.99941115      0.95622671       1.0607920       1.0011450      0.96435235    -0.018242868     0.042050537   -0.0089710178
       3.6838200       1.0697480       1.0950402       1.1217324       1.0380573       1.0118745       1.0077489       1.0504999       1.0477376      0.10236929     0.015456568   -0.0050047487
       3.7022828       1.0295796       1.0241569      0.95606324      0.99949486       1.0225004       1.0305530      0.98974412       1.0054984    -0.021629557     0.020056307    -0.022979748
       3.7208139       1.0603766      0.94913906       1.0019959      0.95837231      0.95555705      0.99620421      0.94429067      0.96405270    -0.051924400     0.022312623    -0.029687714
       3.7393317      0.98184870      0.92226481      0.90013758      0.92114140      0.93071961      0.89788025      0.95079664      0.90833434     -0.31702015    0.0028246297    -0.036326081
       3.7577839      0.94260101      0.99418171       1.0364502       1.0385679       1.0073868       1.0287822      0.95932849      0.97697917     -0.13354297    0.0029509673    -0.025755744
       3.7762675       1.0794627       1.0452772       1.0569463       1.0963329       1.0413174       1.0976368       1.0973578      0.95998401      0.22252378    0.0068272832    -0.023561958
       3.7947956       1.0455781       1.1671243       1.1355268       1.1408622       1.0380867       1.1547896       1.0921314       1.1437309      0.41961637     0.035717763    -0.020361915
       3.8132875       1.1422787       1.1248895       1.0704725       1.1042274       1.0541640       1.1981647       1.0347190       1.0907448      0.38198140     0.045248959    -0.023362184
       3.8317569       1.1299336       1.0749899       1.0372364       1.0276476       1.1038425       1.0314427       1.0113040       1.0358595      0.21867266     0.026740627    -0.017685883
       3.8502464       1.1402631       1.1542523       1.0874099       1.0571356       1.0901941       1.1485258       1.0224461       1.1129421      0.40973845     0.024135774    -0.024603616
       3.8691139       1.1031975       1.1222893       1.0397790       1.0319900       1.0579126       1.1186177       1.0524326       1.0343210      0.20374380     0.014951603    -0.027311357
       3.8875883       1.0430040       1.0125804      0.97364613       1.0036475       1.0018580      0.97263230       1.0389279      0.99560503    -0.093512118     0.020949211    -0.031631410
       3.9233750       1.1991705       1.1518406       1.1091828       1.1103905       1.1222783       1.0972469       1.1129661       1.1492262      0.42437425     0.044974264    -0.019699916
       3.9418392       1.1309392       1.1766050       1.1325765       1.1938623       1.0784309       1.1044515       1.2283729       1.0890759      0.40037867     0.033772171    -0.017540541
       3.9603697       1.0945155       1.0493764       1.1191771       1.0301337       1.0375814       1.0267870       1.1053228       1.0234225      0.17986131     0.023544047    -0.012688424
       3.9788014       1.1097964       1.0790678       1.0949785       1.0911589       1.0308703      0.99866879       1.0549284       1.1226627      0.19214644     0.041728936    -0.036403082
       3.9973331       1.1287211       1.0227087       1.0741915       1.0148766       1.0264570       1.1392773       1.0422844       1.0934423      0.23532979     0.032170270   -0.0064307693
       4.0158622      0.94802849      0.96379495      0.97903907      0.97528053      0.97639940      0.94686998      0.96333111      0.95781598     -0.15317194     0.015549840    -0.011858715
       4.0343189      0.99613057       1.0304590       1.0523736       1.0195558      0.95645325      0.99688640      0.95487736      0.96840136     0.072309904     0.029536262   -0.0024808086
       4.0528022       1.0422177       1.1491863       1.0666901       1.0655698       1.1085030       1.0744724       1.0844377       1.1261550      0.29018611     0.029696470    -0.028587284
       4.0712503       1.1449905       1.1688536       1.0976258       1.1338066       1.1480764       1.0680034       1.1012517       1.1381642      0.42970523     0.041100360   -0.0063366778
       4.0897786       1.0926553       1.0780349       1.0702508       1.0838706       1.0645492       1.0859285       1.1311520       1.0527679      0.25930855     0.038445618    -0.011647791
       4.1086719       1.1411356       1.1034690       1.0674078       1.0670863       1.0087856       1.0724109       1.1053883       1.0309557      0.15937008     0.031499162    -0.013759841
       4.1271372       1.1471211       1.1531605       1.1625595       1.1828743       1.0130574       1.1371145       1.1836129       1.1461522      0.40741277     0.032071598    -0.023164544
       4.1456689       1.0907175       1.0973744       1.1045085       1.0374722       1.0712568       1.0769905       1.0946162       1.0412721      0.28413609     0.030348392    -0.010044243
       4.1641261       1.1420937       1.1657894       1.0525669       1.1673050       1.1153356       1.0773763      0.99553389       1.1375862      0.28823274     0.028259482    -0.024339564
       4.1826369       1.0348822       1.0824373       1.0579650       1.1203651       1.0187298       1.0622639       1.1212575       1.1469022      0.18230228     0.030357629    -0.032493427
       4.2010775       1.0741332       1.1427119       1.0279657       1.0764538       1.1181142       1.0745088       1.0785263       1.0662644      0.29683152     0.011352435    -0.012058454
       4.2196053       1.0719085       1.0439591       1.0261949       1.0850708       1.0448441       1.0363261       1.0632855       1.0785940      0.16040438    0.0095369220    -0.023735471
       4.2381344       1.0019697       1.0318365      0.95800360       1.0695645       1.0099737      0.96363700       1.0023105      0.98781870    -0.018834220     0.019703776   -0.0069482257
       4.2565853       1.0594850       1.0353392       1.0274700       1.0495512      0.98832566       1.0370893      0.96041077      0.99731144     0.051563650     0.013807738    -0.011036612
       4.2750508       1.0155225       1.0332364      0.99889223      0.97604914       1.0383443      0.96432886      0.94085049       1.0741793     0.035355337     0.035130750   -0.0070538581
       4.2939819       1.1096423       1.0399241       1.0863214       1.0761529       1.0331259       1.0881709       1.1495613       1.0507644      0.19276583     0.018767539    -0.018892411
       4.3124258       1.0380596       1.0503785      0.98457605       1.0017829       1.0144190       1.0814690       1.0379976       1.1252400     0.047771249     0.052071158   -0.0028427418
       4.3308944       1.0584496       1.0548977      0.98279144       1.0479975       1.0050602       1.0599059       1.0745867       1.0831261     0.093493275     0.050889466   -0.0058192438
       4.3493983      0.92928998      0.95400356      0.93319785      0.90890747      0.91525040      0.97990438      0.89927500      0.84453418     -0.28349873     0.036559731  -0.00072886422
       4.3678903       1.0310197       1.1219316       1.0037880       1.0660426       1.1054058       1.0428198       1.0755415       1.0557642      0.17000780     0.034033794    0.0080657648
       4.3863550       1.0832728       1.1300376       1.0559525       1.0515211       1.0785317       1.0770988       1.1146128       1.1029037      0.25970405     0.028725561    -0.016718024
       4.4048708       1.1646296       1.1017948       1.0739524       1.0372242       1.1342332       1.1243534       1.1231323       1.1068202      0.34156901     0.031282339   -0.0041007996
       4.4233430       1.0534574       1.0600893       1.0825784       1.0885877       1.0432036       1.0980259       1.0352689       1.0785042      0.28282613     0.051434100   -0.0044687558
       4.4418706      0.98915261       1.0440673       1.0213504      0.98559862      0.99349199       1.0481897      0.94752281       1.0101380    -0.020930519     0.021395737    -0.013281204
       4.4603992       1.0965004       1.1248125       1.1098110       1.0910337       1.0581739       1.0241522       1.0311581       1.0985003      0.23906934     0.037937131    -0.018957682
       4.4793455      0.94656055      0.98180709      0.92986801      0.92554841      0.93357727      0.92445995      0.95548720      0.88903489     -0.28502995    0.0027967184   -0.0069135725
       4.4978189       1.0131772      0.95627581       1.0037432      0.94055616      0.97935739       1.0126442       1.0157939       1.0373471    -0.069511160     0.027049102    -0.021744287
       4.5162828      0.97234094      0.98294496      0.93700604      0.97260544      0.93245273      0.97086580      0.98087454      0.99077095     -0.12744763     0.016791090    -0.016887899
       4.5347281      0.99442490       1.0054087      0.93931283      0.94796627      0.99595695      0.96817073      0.98175070       1.0026271    -0.072590388     0.024718938    -0.012457618
       4.5532581       1.0879064       1.0232422      0.98981634      0.96022780       1.0361716      0.94373538       1.1150732       1.0434587     0.045917429     0.042813428    -0.013969400
       4.5717181       1.0170823       1.0828086      0.97490336       1.0596820       1.0506552       1.0511371       1.0623548       1.0859101     0.074776448     0.020777449    -0.015879853
       4.5902150       1.0249992       1.0172939       1.0167810       1.0321764       1.0465448       1.1075994       1.0681522       1.0758285      0.11183804     0.039897878    -0.021730104
       4.6087128       1.0558578       1.0987993       1.0875396       1.1063148       1.1060495       1.0862936       1.0445957       1.1106788      0.20592315     0.038151905   -0.0074451286
       4.6272336      0.99443920       1.0927170       1.0388227       1.0473438       1.0325519       1.0451268       1.0822214       1.0456942      0.10135691     0.034210995    -0.018918984
       4.6457608       1.0133469       1.0146596      0.99050147      0.99864212       1.0446565       1.0220103      0.99251668       1.0098512     0.073420815     0.045505401    -0.025069565
       4.6646972       1.0611554       1.0536212      0.99230369       1.0053406       1.0224153       1.0466551      0.99031874      0.96724517     0.056254961     0.019995915    -0.031856257
       4.6831542      0.98258506      0.93701602      0.92898251      0.93805388      0.93639982      0.90341958      0.93820500      0.98308610     -0.15560998     0.027004857   -0.0056856545
       4.7016192       1.0316086      0.98883846       1.0581381       1.0494408       1.0367265      0.91591109       1.0436025       1.0572032     0.077217788     0.042848788    -0.022659976
       4.7200850       1.1369327       1.0919612       1.0255646       1.0571793       1.0799380       1.0314935       1.0589672       1.0888189      0.21755910     0.056848351    -0.021685153
       4.7385767       1.0656690       1.0684504       1.0762428       1.0394504       1.0540978       1.0499214       1.0920045      0.99800752      0.19199756     0.042849641   -0.0048477184
       4.7570289       1.0761332       1.1058672       1.0433053       1.1039020       1.0549608       1.0886125       1.1591854       1.1311812      0.30993396     0.043630779    -0.017547151
       4.7755597       1.0191938       1.0317896       1.0125319       1.0480442       1.0399105       1.0602272       1.0794799       1.1046121      0.14595959     0.044771992    -0.010855705
       4.7940250      0.98860821       1.0183128      0.99959087      0.95901551      0.97831337      0.96459674      0.99076717      0.98399533     -0.10466696     0.024673786    0.0022758674
       4.8125217       1.0144482      0.99573348       1.0481778      0.98087655      0.96508333      0.94014510      0.99795275      0.99646418    -0.066402629     0.022823581    -0.017496724
       4.8310506       1.0031921       1.0021894      0.97815566       1.0179741       1.0393490       1.0112851       1.1019198       1.0106007     0.024782503     0.029014369    0.0066929413
       4.8499519      0.98343719       1.0185687       1.0742849       1.0266579       1.0374175      0.97663750       1.0434074       1.0613003     0.040461157    0.0086418642    -0.015233274
       4.8684258      0.91031391      0.91928461      0.94442087      0.94039063      0.91428935      0.91554155      0.96881871      0.97906200     -0.24969083     0.021353345    0.0059327073
       4.9023628      0.83899060      0.87495330      0.83214987      0.88664133      0.84304979      0.90352981      0.91208817      0.86927494     -0.46129441     0.036482245     0.027894139
       4.9208394      0.85113479      0.87570907      0.86073746      0.83271235      0.87322595      0.89258954      0.89218925      0.83524453     -0.48778173   -0.0099574300     0.017249003
       4.9393019      0.85110765      0.82079577      0.88897848      0.85906957      0.82057988      0.79282892      0.85431656      0.85781687     -0.62159449   -0.0082373349     0.032483310
       4.9578047      0.77430501      0.82626148      0.82296849      0.76674450      0.82473813      0.80229668      0.82059091      0.81059838     -0.66817778    0.0026887404    0.0093256682
       4.9763353      0.87890300      0.83788140      0.87221667      0.86014175      0.88467787      0.89910396      0.83578503      0.89711754     -0.40667224   -0.0067494335     0.017136637
       4.9947994      0.96402900      0.97008646      0.94874304      0.89771136      0.93767503      0.87964302      0.97233547      0.99218424     -0.23801161    -0.014780900     0.018231563
       5.0133006      0.95161272      0.96339285      0.91363908      0.93366378      0.98936864      0.91556678      0.91734956      0.96649481     -0.21195936    0.0074932510     0.030312190
       5.0317436      0.90595133      0.83330696      0.92893650      0.94740568      0.89793335      0.87905098      0.90577897      0.90953794     -0.27541840    0.0045840526     0.010557430
       5.0502472      0.93800549      0.85223298      0.89730442      0.88298768      0.94589422      0.83965346      0.97745197      0.91363167     -0.26091236    -0.017523557     0.022463104
       5.0687475      0.83737218      0.91620078      0.86172770      0.88597467      0.80423514      0.82964242      0.83069200      0.87272162     -0.45834944    -0.010414782     0.010256674
       5.0876556      0.98756860      0.88301275      0.91068318      0.97483253      0.95748165      0.89146911      0.96845524      0.95871293     -0.21627375   -0.0042113867     0.032385349
       5.1061742      0.88642058      0.80060184      0.81018619      0.77680678      0.81810018      0.76688156      0.82906014      0.81349557     -0.62625861    -0.022399625     0.031601656
       5.1246350      0.77789893      0.78693093      0.79050743      0.80731205      0.84448525      0.74093542      0.78887207      0.83928307     -0.70124388   -0.0099904733     0.025266316
       5.1431017      0.92899395      0.89975733      0.95702046      0.92284328      0.95707094      0.83836050      0.88446044      0.91591150     -0.17969815    -0.029125724     0.027000396
       5.1615569      0.90022268      0.88425599      0.92102360      0.90339200      0.91257451      0.87475720      0.87923153      0.90869879     -0.36775044    -0.044052482    0.0072127506
       5.1800886      0.97234414      0.98329360       1.0477187       1.0681406      0.97898639      0.91843106       1.0477984       1.0348292    -0.025102692   -0.0068010972     0.013855495
       5.1985464      0.86425911      0.81696099      0.91262824      0.93640738      0.87980451      0.93738301      0.89996685      0.95215930     -0.39536986   -0.0034780200     0.018097579
       5.2170572      0.78038036      0.86060203      0.79004207      0.85822304      0.82532714      0.82432459      0.87871113      0.73459058     -0.63190770    -0.057298262     0.019859437
       5.2355869      0.88873988      0.89862993      0.94131981      0.89192849      0.84291684      0.85532095      0.93274142      0.92216181     -0.43147409  -9.4881747e-05     0.020341277
       5.2540611      0.97595834      0.86503263      0.91362158      0.92803512      0.92853217      0.88715721      0.89156799      0.88504420     -0.31734583    -0.023464117     0.019469460
       5.2730003      0.94721521      0.88720552      0.95599692      0.91245748      0.93717525      0.86409624      0.87364218      0.90268086     -0.36879218    -0.015626138     0.012644395
       5.2915142      0.79637873      0.81325303      0.85517366      0.86816113      0.89430169      0.80233949      0.88794727      0.87388089     -0.57834172   -0.0083055720     0.043086495
       5.3100428      0.84074328      0.82717054      0.80769409      0.79675452      0.82745518      0.88554626      0.86326451      0.87493443     -0.58770770    -0.024106145     0.016064569
       5.3285392      0.94582631      0.97684234      0.95564369      0.89726050      0.94947943      0.90653294      0.95132730      0.94992713     -0.17244990     0.022110203     0.037395686
       5.3470505      0.95915401      0.96225212       1.0006435      0.99109950       1.0069798      0.95868992       1.0064328      0.97585966     -0.11897819     0.013828520     0.012518344
       5.3655764      0.81690984      0.77916010      0.78809216      0.81763615      0.82726475      0.82654705      0.77812261      0.82171435     -0.60767883    -0.033828169     0.030246694
       5.3840867      0.81180067      0.86526708      0.88068215      0.85411912      0.86790327      0.79807351      0.88697954      0.90613617     -0.43686575     0.010649936     0.027234256
       5.4025544      0.91287201      0.97554442      0.94852307      0.98065960      0.93558211      0.98898015      0.95611114      0.98616656     -0.14010087   -0.0066432930     0.034016967
       5.4210469      0.91705675      0.97301998      0.98722155       1.0330584      0.92757298      0.97932580      0.93107351      0.91244768    -0.099269316     0.015596749     0.027590979
       5.4395681      0.90242947      0.92198183      0.93364570      0.98161397      0.97009888      0.93351409      0.90572476      0.95845649     -0.27474236    0.0060920622     0.032476030
       5.4584469      0.93085276       1.0191934      0.92475457      0.98926358      0.99035553      0.92807418       1.0480048      0.98803401     -0.10553522     0.013738109     0.026332254
       5.4769458      0.90468682      0.89291896      0.90061535      0.90515497      0.89665703      0.84837546      0.94655714      0.89445135     -0.36259353    -0.011214370     0.025529161
       5.4954567      0.90270014      0.90701228      0.95497077      0.91192212      0.89060164      0.88337465      0.92401900      0.94954758     -0.30504438    0.0050805574     0.031342655
       5.5139731      0.82473030      0.84352748      0.85821280      0.83788789      0.86514563      0.78313033      0.81962097      0.80184063     -0.54401332    -0.019550363    0.0077858530
       5.5324680      0.86714127      0.85248225      0.86533012      0.85673811      0.89612480      0.89205174      0.86801877      0.83590896     -0.47939762     0.011713610     0.040863890
       5.5509978      0.87517563      0.85732562      0.90314021      0.89337427      0.82566917      0.79028757      0.84393139      0.87892656     -0.48500597   -0.0041895360     0.026655737
       5.5695000      0.76522648      0.84914396      0.79346759      0.86707303      0.83202228      0.79246635      0.74179302      0.79335417     -0.74039423    0.0082254512     0.020229697
       5.5879669      0.86291290      0.78977467      0.82682551      0.79692339      0.81838217      0.77055740      0.83320257      0.81003045     -0.63469654     0.015169114    0.0083645806
       5.6064855      0.73286548      0.73840296      0.79188155      0.87337650      0.79194177      0.82203686      0.75899397      0.86130370     -0.62556809   -0.0046065748     0.039146528
       5.6249889      0.85067559      0.90431824      0.90992802      0.92218033      0.89967820      0.89428192      0.85311745      0.94568674     -0.49511465     0.013304813     0.033345364
       5.6438380      0.88856482      0.88820764      0.87941822      0.86363316      0.92289481      0.92095150      0.89265847      0.86431577     -0.43761316   -0.0090132989     0.048710089
       5.6623644      0.82546820      0.91379371      0.84341306      0.90163206      0.86268596      0.91990560      0.88069270      0.93376673     -0.39722878     0.017407242     0.023662701
       5.6808164      0.80625712      0.81259524      0.83290688      0.74167774      0.83784009      0.78479951      0.74938988      0.82535249     -0.68548763    -0.022262104     0.018300787
       5.6993028      0.82128761      0.82546153      0.82068686      0.85153673      0.83184195      0.85787602      0.87846489      0.82303611     -0.67284971    0.0085130092     0.040200565
       5.7177736      0.85305396      0.85926184      0.87568065      0.87657333      0.80859404      0.90555723      0.86329106      0.89618372     -0.49158046     0.011508157     0.037922069
       5.7362947      0.82284205      0.83337283      0.87064594      0.85946111      0.86996373      0.74113709      0.79169347      0.88983075     -0.57552463    0.0059690941     0.023903068
       5.7548233      0.83240975      0.89401742      0.87253928      0.88708958      0.89223119      0.88299227      0.87243419      0.88715430     -0.47550774   -0.0035679261     0.028332502
       5.7733000      0.81512263      0.84679646      0.77110617      0.80325269      0.82662586      0.75845273      0.79753443      0.77262783     -0.75564659   0.00073931459     0.013020687
       5.7918161      0.89284191      0.86875188      0.82462546      0.91778348      0.86692009      0.91450641      0.90554313      0.97554143     -0.44901729     0.025442172     0.038843103
       5.8102714      0.87965054      0.95348101      0.90573679      0.90214457      0.94146553      0.97456023      0.92307727      0.97709431     -0.24187036   -0.0034214554     0.031347707
       5.8292456       1.0326180       1.0065950       1.0219269       1.1402107       1.0354827       1.0989640       1.0417709       1.0465198      0.12525234     0.016412433     0.031436048
       5.8477164       1.0453423       1.0413974       1.0275957       1.0532703       1.0400387       1.0387238       1.0620598       1.0881087      0.18114081     0.033047769     0.034704667