       0.0000000       1.0548890       1.0633405      0.94906749      0.94313190       1.0905504      0.97886561      0.94133736      0.86639306    -0.077262960      0.16233547     0.035683483
     0.015603606      0.95622007      0.96821917       1.0626627       1.1367411      0.98157808      0.99176129      0.97040838      0.92994991    0.0041802833     0.079545341    0.0093570910
     0.031191666       1.0302439      0.98605791       1.0183145      0.92015411      0.94288145      0.91384182       1.1114873      0.97873384    -0.069805913      0.11260471   -0.0053754188
     0.046777502       1.0277295      0.95957471      0.94556362      0.96786493      0.98000422      0.93025333       1.0841854       1.0515099    0.0015967155     0.083779618   -0.0087566469
     0.062387779       1.0130462      0.99897714       1.0332266       1.0011825      0.97588163       1.0014348       1.0231031      0.92328879   -0.0020518741     0.074409738     0.012572796
     0.078009993      0.97967451      0.97652323      0.98813912       1.0403149       1.0245225       1.0763445      0.95628409      0.83853795     0.035450827     0.069761850    -0.017475128
     0.093608603       1.0173730       1.0750455       1.1162234       1.0637715      0.93210661      0.96308433      0.91823579      0.83008848    -0.079206571      0.10378627   -0.0081857629
      0.10918389       1.0034962       1.0554946       1.0662499       1.0732281       1.0049246      0.91579015      0.92730554      0.94557746    0.0027233739     0.051139239    -0.011481313
      0.12478777      0.96582687      0.95197300       1.0387816      0.95465119       1.0643636      0.97890799      0.91783853      0.93571628  -0.00027519197     0.057293542   -0.0052165156
      0.14038167      0.95661339      0.99872405       1.0151696      0.91253367       1.0549755       1.0020381       1.1178519      0.90009376     0.027814068     0.054027408   -0.0022936163
      0.15600666       1.0024680      0.99219875       1.0271276       1.0183159       1.1151762       1.0684805       1.0388919      0.93499792     0.030393217     0.016680593    -0.027847577
      0.17162805       1.0203985       1.0739863      0.99065870       1.0042978       1.0451140       1.0084167      0.93504127      0.89428544    -0.029647715     0.062713683    0.0041542323
      0.18770027      0.97831225       1.0063986      0.97150495      0.88429387       1.0021340      0.97462780       1.1319532       1.0310806    0.0050042737     0.036151815     0.021020368
      0.20331416      0.99096230      0.98862881      0.98797275       1.0537727      0.97397632      0.90161952      0.96350997       1.0210083     0.049031969     0.011584956    -0.019971846
      0.21890500       1.0813484      0.91869844      0.97292691      0.95938957       1.0282639      0.90172360       1.0063234      0.88056455    0.0012151833     0.040185276    -0.012245008
      0.23450472       1.0754692      0.99387555       1.0820803       1.0729726      0.99549875      0.97659323       1.0810596      0.89723573     0.042765025     0.020076105  -0.00053251791
      0.25009972       1.0283303      0.92923336       1.0317138      0.97353235      0.95187555       1.0445760       1.0285266      0.95130851    0.0064155571     0.054853953     0.014432604
      0.26570721       1.0766527      0.97575480       1.1130885       1.0684680      0.95113558      0.88068310      0.91815143      0.83824744     0.079704024     0.014605021   -0.0095812352
      0.28133499      0.96994450      0.98971155       1.0756517      0.96076813       1.0826277       1.0537433      0.93481773      0.85178356     0.026659107     0.038746413   -0.0063458998
      0.29695944       1.0608862       1.0908334       1.0387808       1.0952170       1.0015073       1.0048260       1.1013779       1.1200793      0.11785517     0.061639573    0.0086327633
      0.31258333      0.94470134       1.0857151      0.99055925       1.0550573       1.0116154       1.0286905       1.0539219       1.0091804      0.13656798     0.048771832    0.0020555677
      0.32821639      0.98046128       1.0252704       1.0494251       1.0335592       1.0103161       1.0925354       1.1049184       1.0005193     0.093157083     0.043592099    0.0031985077
      0.34383805       1.1102368       1.0671241      0.94924820       1.0183024       1.1067885       1.0411223       1.1042221       1.0531869      0.16527638     0.020344745   -0.0083833896
      0.35945416       1.0595297       1.0269056       1.0077427      0.95292140       1.0517762       1.0823782      0.96278016      0.95485578      0.13819414     0.014460362     0.011242894
      0.37547833      0.99033594       1.0048445      0.96914544      0.86115351       1.0517496       1.0222595       1.0696627      0.96319436     0.079831198     0.020814434   -0.0010191798
      0.39110333      0.98558073       1.0538640       1.0414510      0.99996502      0.97555673      0.93385868      0.97624365       1.0229524    -0.023443742     0.053915560   -0.0041451696
      0.40669333       1.0116709       1.0229628       1.0081443      0.92226558       1.0426343      0.93164555      0.93287851      0.97205377    -0.018019605     0.052773517  -0.00049060583
      0.42229555       1.0916496       1.0516916       1.1032072      0.98116954      0.97590974      0.97398369       1.0185597       1.0528193     0.097046584     0.025287384    0.0016523199
      0.43786916       1.0008841      0.93665538       1.0529261       1.0994245      0.98284016       1.0732232       1.0794099      0.99803263      0.15020375     0.015975395   -0.0073100775
      0.45347083       1.0483614       1.0072966       1.0412233       1.0500074       1.1318323       1.0936848       1.0604479       1.0360570      0.15406379    0.0099317301    -0.018875899
      0.46909388      0.95591988       1.0582249       1.0625534       1.0460441      0.92476494       1.0873555       1.0613869      0.93179786      0.13928875    0.0091199391   -0.0095365811
      0.48469611       1.0015990       1.0801400       1.0367120       1.0116197       1.0409572      0.99329184       1.0629357       1.0193164      0.10598531     0.030528674     0.010703022
      0.50031194       1.0897165       1.0496178       1.0335706       1.0622728       1.1176449       1.0501106       1.0359634       1.0955230      0.15404551     0.017694123   -0.0015107542
      0.51590055       1.1174264       1.0185928      0.97256805       1.0627933       1.0005608       1.0647431       1.0391100      0.97000242      0.18238966     0.019055067    0.0027915472
      0.53148583       1.0655594       1.0526547       1.0386869       1.1398803       1.0818202       1.0385539       1.1040168       1.0528239      0.23798333   -0.0029509987    0.0099582206
      0.54710944       1.0991674       1.0500793       1.0123369       1.0622050       1.0147999       1.0441244       1.0699891       1.0473471      0.27181801    -0.011642609    -0.011298103
      0.56320666       1.0483744       1.0125294       1.1220833       1.0616330      0.99760618       1.0563494       1.1105858       1.0484780      0.27252132   -0.0030311216     0.019017920
      0.57882389       1.0490187       1.0776541       1.0787869       1.1066231       1.0831640       1.0800443       1.0890991       1.1031072      0.22613046     0.015191301    0.0012529045
      0.59444805       1.1278316       1.0689986       1.0014188       1.0911578       1.0292855       1.2297925      0.99121674       1.0736567      0.22782509   -0.0052543487   -0.0014448706
      0.61003722       1.1265029       1.0574917       1.0343891       1.0363352       1.0971998       1.0939971       1.0155124       1.1633508      0.32282910   -0.0064230408    0.0054827183
      0.62561694       1.0804038       1.0218948       1.0903734       1.0226742       1.0503226       1.0208253       1.0136133       1.0894971      0.26144201    -0.011413790   -0.0080149304
      0.64119611       1.1413366       1.1401183       1.1146432       1.1203402      0.98012965       1.0741526       1.1710345       1.1376187      0.31241381    -0.027652984    0.0085476656
      0.65678416       1.0660823       1.0746504       1.0197279       1.0719456       1.0700995       1.0638957      0.97991975       1.0782016      0.29820734    -0.022309912   0.00064436533
      0.67240805      0.98284971       1.1119035       1.0655148      0.94458673       1.1190671       1.0644113       1.1326022       1.0142106      0.28055471    -0.021331465   -0.0018539708
      0.68800444       1.0724393       1.0657192       1.1230015       1.1001044       1.0581054       1.0149663       1.1122684       1.1992903      0.29029390    -0.018843355   -0.0076852255
      0.70362610       1.0403381       1.1591866       1.0720714       1.0927238       1.1390428       1.1385864       1.1319826       1.0738256      0.30423263    -0.025142888   -0.0083885845
      0.71921583       1.0202792       1.0197748       1.0467510       1.0591869       1.1129702       1.1094649       1.0932187       1.1359355      0.23948236    -0.029498933   0.00064450875
      0.73480666       1.1535994       1.0201554       1.0872890      0.99892237       1.0663509       1.0807294       1.1899777       1.0990314      0.26708779    -0.038268391  -0.00081141107
      0.75087389      0.96700492       1.0355987       1.0563293       1.0316865       1.0849051       1.0873254       1.0844262       1.0310184      0.22679290    -0.023977419    0.0041172672
      0.76646472       1.0831579       1.0497646       1.0992089       1.1391927       1.0695269       1.0661504       1.1732024       1.0436278      0.25404084    -0.030896926     0.011854861
      0.78207750      0.98504540       1.0620704       1.0079257       1.1052104      0.98931500       1.0255393       1.0338829      0.99093293      0.24185964    -0.014395111    -0.012449533
      0.79769444       1.0839149       1.1022547       1.0820336       1.1099718       1.1159017       1.0671624       1.0903603       1.1004421      0.29079914    -0.028423430   -0.0036335327
      0.81331444       1.0400308       1.0552392       1.0684978       1.0849537       1.1299195       1.0028057       1.1427310       1.0929239      0.26798853    -0.022297833     0.018354425
      0.82894166       1.1065910       1.0998239       1.1089322       1.0026408       1.0566361       1.0650644       1.1796112       1.0786973      0.26221126    -0.022470068   -0.0015711300
      0.84454555       1.1079322       1.0223170       1.0798241       1.1252436       1.0210504       1.0707324       1.1058238       1.1171126      0.27570927    -0.027943620   -0.0088917017
      0.86016999       1.0835242       1.0761288       1.0341997       1.0570096       1.0682802       1.1364644       1.0761897       1.1657708      0.31360593    -0.028007353   -0.0058774650
      0.87575111       1.0851360       1.0362612       1.1168055       1.0503345       1.1261145       1.0615093       1.0775373       1.1334674      0.26874757    -0.035503045   -0.0049791001
      0.89137360       1.0277052       1.0429535       1.0144015       1.0535090       1.0517679       1.0919510       1.0607591       1.1255141      0.21199673    -0.021679185   -0.0079131359
      0.90699222       1.1055417      0.99256848       1.0754440       1.0748287       1.1446258       1.0632039      0.98301146       1.1018435      0.31336010    -0.047086734     0.016676573
      0.92260334      0.97045096       1.0142319       1.0699611       1.0928533       1.1138175       1.1396186       1.0347507       1.0592400      0.23562163    -0.036234457     0.014644168
      0.95908111       1.0243279       1.0681301       1.0091096       1.0519134      0.98525454       1.0572002       1.1052655      0.98364443      0.14788432   0.00049945177     0.012611806
      0.97471027       1.0488799       1.0353785      0.98655772      0.97631378       1.1010443       1.0498026       1.0574892      0.98288567     0.096324496    0.0059201363    0.0029157633
      0.99030555       1.0416905       1.0524855       1.0236415       1.0796319       1.1599135       1.0955522       1.1072866       1.0248063      0.19581755    -0.028804524    0.0093598459
       1.0058964      0.91591253      0.97146871      0.98049515       1.0682672       1.0582611       1.1039790       1.0434603       1.0014264     0.047124270    -0.014464918     0.011579404
       1.0215056      0.96984996      0.95866791      0.95509718      0.95115190      0.98867783       1.0773757       1.0231975       1.0779124   -0.0096349791     0.011040386     0.010454389
       1.0370997       1.0713118      0.96071548      0.98244182       1.0093777      0.94773262      0.97288877      0.96591187      0.99648897    -0.028268255     0.023322463   -0.0038362993
       1.0527211      0.96979877      0.98073708      0.96255630      0.99572912       1.0439444      0.86792683      0.99210997      0.99251789    -0.062956020     0.022077657     0.021671500
       1.0683431      0.96831707      0.96213843      0.97615989      0.96645942       1.0751726       1.0237244       1.0327949      0.96682566     0.044774722   -0.0019312473     0.023009606
       1.0839339       1.0394319      0.93348484       1.0126905      0.96862933       1.0130608       1.0307207      0.95441504      0.97149365     0.043086618    0.0050752447    0.0031686800
       1.0995064      0.99834575       1.0588298       1.0524358       1.0258350      0.92846259      0.98440220      0.97923259       1.0279726     0.049492586   -0.0040267571     0.023296297
       1.1151281       1.0654255       1.0294722       1.0267499       1.0164382       1.0147677      0.92135710      0.97532968       1.0537176     0.070630342   -0.0022576314     0.028597040
       1.1307350       1.0122206      0.96416508       1.0159425      0.96556630      0.99609778       1.0306086       1.0310786       1.0190605     0.031095954    0.0012981899     0.012826146
       1.1468122       1.0005174      0.97726198       1.0799902      0.99743362      0.99314262       1.0119409       1.0877951       1.0685074     0.097710416  -0.00021787267     0.019143669
       1.1624339      0.96830842       1.0651092       1.0128409       1.0209896       1.0754952       1.0720325       1.1338120       1.0869716      0.20365918    -0.025344718     0.019801931
       1.1780597       1.0059655       1.0469506       1.0264287       1.0879281       1.0320558      0.99957494       1.0138718       1.0538841      0.12135741     0.014577111     0.021109976
       1.1936355       1.1078049       1.0495967       1.0618435       1.0881229       1.0617709       1.0492122      0.98357613       1.0229293      0.14405601   -0.0035454212     0.025213148
       1.2092294       1.0441729       1.0343158      0.98290211       1.0372663      0.99572719       1.0809398       1.0270008       1.0288198     0.060924105   -0.0030488742     0.024815820
       1.2248058       1.0113466      0.97409504       1.0074301      0.99600866      0.96743625       1.0463527       1.0168701       1.0811570    -0.046848007    0.0093199909     0.014708833
       1.2404119      0.96455103       1.0338333       1.0220744      0.92058147      0.95989410      0.95821314       1.0299782      0.99678714     -0.10338078     0.017198944     0.015252162
       1.2560339       1.0397607      0.99965305       1.0147574      0.99065705      0.98890101      0.98730896       1.0213912       1.0086338     0.012244727     0.016950695     0.026723471
       1.2716564       1.0112427       1.0212290       1.0467814       1.0157110       1.0446106       1.0683445       1.0295586       1.0385616      0.12547302   -0.0019645353     0.017466437
       1.2872394       1.0242596       1.0365425      0.96799775       1.0521118       1.1748502       1.1045491      0.99850718       1.0618040      0.10420783    -0.014088649    0.0045148674
       1.3028325       1.0395648       1.0549574       1.0363707       1.0428656       1.0786393       1.0644753      0.99703026       1.0626896      0.16978024    -0.020274539    0.0033007711
       1.3184542       1.0615978       1.0483467       1.0573555       1.0400456       1.0854486       1.0888540       1.0996850       1.0860248      0.24447918    -0.034579322    0.0015872177
       1.3344822       1.0048081       1.0525120       1.0185209       1.0393349       1.0530440       1.0362194       1.0913946       1.1641604      0.19685544    -0.023661891   0.00064593181
       1.3500994       1.0449793       1.1036091       1.0284301       1.0453403       1.0494801       1.0439065       1.1400191       1.1085425      0.17065850    -0.028522497     0.011875097
       1.3657197       1.0080467       1.0341606       1.0278508       1.0814518       1.0961018       1.0871051       1.0712916       1.0446763      0.22237259    -0.022492602    0.0050754976
       1.3813214       1.0390057       1.0594816      0.96592068       1.1062043       1.0316143      0.95764315       1.1849275       1.0282339      0.13469197   -0.0099485796    0.0083786678
       1.3969475       1.0767913       1.1030237      0.98156147       1.0536891       1.0227142       1.0266588       1.0183131       1.1273340      0.20357569    -0.028039359    0.0082237795
       1.4125467       1.0165019       1.1038797       1.0230601       1.0754373       1.0085726       1.0173575       1.0034556       1.0185214      0.12719728    -0.032634243    0.0060219588
       1.4281667       1.0281028       1.0693442       1.0975684       1.0982159       1.0904945       1.0091529      0.98690775      0.99726403      0.20349365    -0.033759322     0.011515815
       1.4437656       1.0585590       1.0366221       1.0415174       1.0784505       1.1081188       1.0570783       1.0563274       1.1370293      0.32847157    -0.046145152     0.013914501
       1.4593736       1.0800974       1.0996015       1.0259249       1.1252251       1.0655573       1.0930218      0.99155739       1.0568160      0.28931406    -0.030838650    0.0056721140
       1.4749439       1.1164816       1.0298592       1.0218095      0.97439632       1.0218346       1.0475788      0.94132995       1.0698546      0.16428834    -0.033364650     0.011765868
       1.4905672       1.1013363       1.0366542       1.0178364       1.1108626       1.1593280       1.1326050       1.1656619       1.1144373      0.34773085    -0.046574686    0.0059787724
       1.5061614       1.0280496       1.0913083       1.0324092       1.1456480       1.1798515       1.0924421       1.1377270       1.1115832      0.38843873    -0.043733686    0.0027188212
       1.5222217       1.1319559       1.1052111       1.0767727       1.0748785       1.1194648       1.0604749       1.1434091       1.1435449      0.40168059    -0.034430426     0.025174642
       1.5378800       1.1889814       1.1294719       1.1018502       1.0908030       1.1147515       1.0923140       1.1352412       1.1185952      0.40907991    -0.036102585     0.013930738
       1.5534597       1.1123255       1.0943299       1.0831325       1.0381233       1.1232044       1.0759565       1.0678810       1.0907586      0.35845646    -0.042165261    0.0088729840
       1.5690558       1.0511736       1.1008734       1.0823224       1.0671664       1.0755239       1.0739726       1.0662218       1.1389833      0.41828236    -0.041295353   -0.0024075136
       1.5846822       1.1012256       1.0682952       1.0791833       1.1355083       1.0637341       1.0766160       1.1114715       1.1493797      0.39653310    -0.044446774   -0.0018453524
       1.6002867       1.1800643       1.0609982       1.0865714       1.0940673       1.0404673       1.0527888       1.1808713       1.2736359      0.42888322    -0.037347674    0.0072933212
       1.6158800       1.2101179       1.1489585       1.0492540       1.0979811       1.0789051       1.0742830       1.1730963       1.1588377      0.43919861    -0.039152399    -0.013565853
       1.6314814       1.1368841       1.0848721       1.1140841       1.1386001       1.1264149       1.1077678       1.0500579       1.0644533      0.41939691    -0.049268112    0.0044434182
       1.6471047       1.1090748       1.0630694       1.0379273       1.0842442       1.0788412       1.1369209       1.0731031       1.1207875      0.36115676    -0.040694818     0.020077627
       1.6627008       1.0300536       1.1068448       1.0641389       1.1486625       1.1612406       1.0987179       1.1981149       1.1271770      0.42863071    -0.030423751    0.0086954013
       1.6783217       1.1051165       1.0914138       1.1173014       1.0727767       1.1289523       1.1679874       1.1544338       1.1360823      0.43224618    -0.041565914     0.010295656
       1.6939278       1.1523643       1.0586876       1.0416019       1.0610813       1.0823454       1.1048727       1.1188535       1.1196061      0.38754746    -0.056665093    0.0089319870
       1.7099636       1.0817105       1.0493740       1.1171341       1.1201910       1.1024834       1.0059701       1.1131371       1.1773238      0.34656188    -0.039840117    0.0072092190
       1.7255378       1.1022980       1.1710010       1.0426816       1.1657619       1.1024037       1.0618854       1.0972643       1.0725572      0.33378157    -0.031490475   -0.0075273998
       1.7411242       1.0444702       1.0891594       1.0633137       1.1009164       1.0086637       1.1162101       1.0650167       1.0870970      0.35432366    -0.034207344    0.0096387640
       1.7567117       1.0570266       1.1505327       1.0654623       1.1653433       1.0781812       1.0990280       1.0555122       1.1491231      0.34270233    -0.048105866   -0.0028631166
       1.7723333       1.1213091       1.0310375       1.1156195       1.0960296       1.0710331       1.1422370       1.0760651       1.1373094      0.36239395    -0.037957873    0.0031841844
       1.7879128       1.0991026       1.0883104       1.1274066       1.1459085       1.1087825       1.0727628       1.0839246       1.1781684      0.36759430    -0.029875116   -0.0041149855
       1.8035344       1.0134582       1.0840384       1.0884976       1.0506758       1.0550127       1.0687118       1.0250261       1.1862860      0.24279542    -0.018831307    0.0050015971
       1.8191286       1.0465053       1.1305720       1.0904255       1.0466283       1.2527070       1.0979998       1.1054280       1.0342084      0.37232852    -0.038453784    0.0060659088
       1.8347133       1.1241117       1.0879392       1.0424761       1.0656349       1.1434723       1.0992386       1.1329196       1.1983065      0.41061258    -0.043549571   -0.0092851426
       1.8503311       1.0691806       1.1213258       1.0383835       1.0624367       1.1244794       1.0329920       1.1907961       1.0661691      0.38610172    -0.044720300    0.0025984347
       1.8659042       1.0476662       1.0871709       1.0682922       1.1283055       1.1014467       1.0076699       1.0599844       1.1831542      0.32854402    -0.055247001    0.0096789505
       1.8815272       1.0209039       1.1072937       1.0324373       1.0595216       1.0533788       1.1720139       1.0625714       1.1156177      0.30946514    -0.043714285    0.0049645882
       1.9142130       1.0463104       1.0276468       1.0206244      0.99139430       1.0758084      0.89945651       1.0824098       1.0835138     0.070211545     0.034065273     0.028028093
       1.9297875       1.0792699       1.0070604       1.0103948       1.0015652       1.0088861       1.0750270       1.0909743       1.0383415      0.10956278     0.030647781     0.021752972
       1.9454231       1.0647455       1.0388607       1.0210623       1.0380635       1.0673087       1.0274427       1.1151521       1.0545781      0.14740761   -0.0022089889     0.013912522
       1.9610308       1.0123333       1.0445059       1.0585444       1.1059860       1.0285892       1.0843914      0.96365469      0.97851931      0.14149168     0.024076503     0.033467323
       1.9766344       1.0447241       1.0364798       1.0542067       1.0030754       1.1252436       1.0218625       1.0884306       1.0030008      0.15977225     0.026136322     0.034404006
       1.9922481       1.0965843       1.0348897       1.0807231       1.0208432       1.0319379      0.97627960      0.98956586       1.0407869      0.19820079     0.025093948     0.021024833
       2.0078500       1.1094344       1.0667369       1.0869429       1.0570572       1.0875060      0.99164625       1.0588112      0.98775553      0.24273705    0.0084404629     0.021799205
       2.0234550       1.0174124       1.0585029       1.0288285       1.0481151       1.0172222       1.0528440       1.0026442       1.0978732      0.17143239     0.016592750     0.016087050
       2.0390814       1.0926528       1.0752047      0.99734957       1.0617122       1.0214488       1.0911954       1.0249596       1.1767346      0.25646177   -0.0060287337    0.0085965600
       2.0547011       1.0786343       1.0685783       1.0996768       1.0980857       1.0277529       1.0908683       1.0985138       1.0601607      0.32283327    0.0057883761    -0.010286612
       2.0703011       1.1034865       1.1041590       1.1036440       1.0627588       1.0580488       1.0670459       1.1143561       1.1239573      0.30017865   -0.0010843510     0.016601671
       2.0859225       1.0517182       1.0672032       1.0876737       1.0922320       1.0940606       1.0616350       1.0423787       1.1148918      0.26490325     0.011718508    0.0091551282
       2.1019939       1.0303702       1.0555212       1.0906226       1.0092717       1.0212895       1.0877366       1.0330256       1.0921227      0.22533110    0.0057306080     0.017720409
       2.1176194       1.1087788       1.0323915       1.0311396       1.0095346      0.93970808      0.97605711       1.0069720       1.0257599      0.13084686   0.00067657430    0.0056761401
       2.1332414       1.0322320       1.0103628       1.0540401       1.0279438       1.0190899      0.95814792       1.0203788       1.1030785      0.13190894     0.011695002     0.030009400
       2.1488483       1.0439039       1.0185418       1.0895883       1.0820205      0.97112900      0.97208977       1.0549746       1.0143627      0.19244826  -0.00063587632     0.024754096
       2.1644397       1.0753538       1.1720597       1.0737114       1.0578233       1.0538962       1.0271751       1.1120150       1.0110902      0.23780924    0.0044631269    0.0016096495
       2.1800653       1.0619260       1.1445199       1.0566013       1.0211733      0.98990336       1.0414691       1.0285225      0.99124530      0.11167371     0.015675334    0.0094910683
       2.1956878      0.97042729       1.0032613       1.0655217      0.87961102      0.93472319      0.92151537      0.95501534      0.97000024    -0.047021430     0.026849769     0.022737514
       2.2113092       1.0083427      0.99252732       1.0456164       1.0509178       1.0400920      0.91044631      0.97421672      0.98914055    -0.038536850     0.022516467     0.016006675
       2.2269189       1.0280606      0.98189866       1.0654005       1.0274853       1.0408449       1.0087658       1.0549011       1.0321321      0.15131284     0.016672553     0.011541433
       2.2425294      0.97759602      0.98956512       1.0163214       1.0510450       1.0757841      0.95902203       1.0438640      0.94052686     0.051428862     0.014447397    -0.016009152
       2.2581361      0.99764304       1.0434438       1.0341947      0.96993391       1.0392986      0.99238830       1.0248723      0.94735953   -0.0042582881     0.027199648     0.017241644
       2.2737594      0.99591343      0.96068006       1.0101374      0.90322392      0.89949296      0.91655865      0.92557895      0.93674902    -0.038706094     0.028576339     0.012308394
       2.2897917       1.0769514      0.99854226       1.0150839      0.95657001      0.98139260       1.0290511      0.87360043      0.95326881     0.012663540     0.023354331     0.023358168
       2.3054197       1.0295818       1.0124901       1.0262615       1.0339830       1.0710249       1.0892483      0.97472033      0.90237069     0.035715714     0.016823865    0.0073962295
       2.3210267      0.95423030       1.0413558       1.0530619       1.0150682       1.0766801      0.92138086       1.0297830      0.96320936      0.10866375    0.0090704011    0.0028462019
       2.3366108       1.0801265       1.0713083       1.0326869       1.0612986       1.1020837      0.94417127      0.93157055      0.98758963      0.16158333     0.020230569    0.0010260986
       2.3521944      0.98738426       1.0894408       1.0310199       1.0373978       1.0000495       1.0310441       1.0511080       1.0228533      0.16777021    0.0022613562    0.0035071196
       2.3677939       1.0029464       1.0643174       1.0250127       1.0477022       1.0231684      0.98158290       1.0239282      0.96265109      0.18743093    0.0097184647     0.031575136
       2.3834036       1.0936999       1.1228169      0.99544977       1.0373824       1.1319552       1.0598290       1.0949703       1.0456330      0.26712593   -0.0073153106     0.016881324
       2.3990175       1.1231876       1.0690880       1.0749029      0.99727575       1.0425496       1.1143431       1.0153361       1.0970710      0.27602747   -0.0040120590    0.0095248763
       2.4146322       1.2018242       1.0210728       1.0654987       1.0822443       1.1005522       1.0917857      0.99281281      0.95571455      0.27429229    0.0027865805   -0.0096213277
       2.4302222       1.0723866       1.1124514       1.1328596       1.0271590       1.0650378       1.0839526       1.0153725       1.1120749      0.26744488   -0.0057542920     0.017764950
       2.4458039       1.0491348       1.0471896       1.0480932       1.0640302       1.0758567       1.0555230      0.98270698       1.0381983      0.27788305    0.0015405538     0.023416637
       2.4614053       1.0672779       1.0736528       1.0455167      0.98877359       1.0640555       1.0692213       1.0533277       1.0695484      0.20233019     0.023374137     0.014090789
       2.4774589       1.0953917       1.0691609       1.0546427       1.0123213       1.0592172       1.0956426       1.1122328       1.1039663      0.17563565    -0.023142206    0.0075703971
       2.4930622       1.0771206       1.0036435       1.0401745       1.0130733       1.0018494      0.99260773       1.1045868       1.0703091      0.14603190     0.012819146   -0.0042130742
       2.5086472       1.0870885       1.0492414       1.0830450       1.0107513      0.98291181       1.0520889       1.0266799       1.0563402      0.19471800     0.013308841     0.010288248
       2.5242456       1.1374551       1.0743967       1.0922224       1.0538324       1.0544005       1.0197199       1.0416981       1.0789670      0.25692409    0.0031073648     0.013220554
       2.5398658      0.99890887       1.0667543       1.0582557      0.97380212       1.0361225       1.0743132       1.0187499       1.0483589      0.25297248   -0.0068512205     0.022173328
       2.5554889      0.99851021       1.0276700       1.0701434       1.0610588       1.0285442       1.0536243       1.0365646       1.1004787      0.18650956     0.019967923    0.0050600953
       2.5710492       1.0337726       1.0404881       1.1444097       1.1034598       1.0360982       1.0774788       1.0376949       1.1267604      0.18897051    0.0095411018   0.00032186508
       2.5866522       1.1432226       1.0473771       1.0492701       1.0885102       1.0562241       1.0892959       1.1223584      0.97260196      0.19567198   -0.0073575182     0.017418798
       2.6022553      0.99003562       1.0819080       1.0822686      0.99082076       1.1699603       1.0455663       1.0344896       1.0663198      0.19316933    0.0044432655    0.0031644339
       2.6178497       1.1121948       1.0470662       1.0588766       1.1323627       1.0880258       1.1387963      0.98656382       1.0960876      0.23837353    -0.017601768     0.015225982
       2.6334525       1.0391658       1.0315017       1.0991191       1.0863839       1.1080057       1.0710650       1.0223726       1.0451148      0.18915880    -0.011887710     0.010290541
       2.6490572       1.0338833       1.0631949       1.0165473       1.0130545       1.0527933       1.0250343       1.0529713      0.97697066      0.12425373     0.011644997   0.00014534593
       2.6650897       1.0019596       1.0743781       1.0531686      0.97393333       1.0314080       1.0049452      0.98573358       1.0950250      0.10362103     0.016452240     0.017756172
       2.6807006       1.0098445       1.0499586      0.99540196       1.0748304       1.1076612      0.99714697       1.0509246       1.0053140      0.17089820    -0.014551775     0.014003342
       2.6962694       1.0070322       1.0071767      0.98957082      0.99770374       1.0504667       1.0129824      0.98052106       1.0169195   -0.0045706034    0.0018338867    0.0048056673
       2.7118630       1.0632063       1.0174471      0.99461558       1.0325876      0.93394286       1.0217894       1.0656681       1.0496158     0.079977892     0.015181035   -0.0056338478
       2.7274347       1.0264424      0.94119438       1.0782408      0.97373491       1.1135172       1.0036378      0.97363552      0.99417502    -0.013567379    0.0023983491     0.010611782
       2.7430308       1.0662208      0.99988620       1.0944496      0.99874868       1.0083795       1.0571208      0.98191948       1.0376685     0.017802503     0.012289343     0.010607712
       2.7586525       1.0180767       1.0389502      0.97924522      0.97500050       1.0066064       1.0233324       1.0073900      0.94728783    0.0021746445   -0.0036725437     0.022814518
       2.7742781       1.0015802       1.0157715       1.0106900       1.1465348      0.97182109       1.0631289      0.96359348      0.98433844    0.0064893551     0.012266711     0.026131675
       2.7899014      0.99274067       1.0493075      0.92115192      0.94123240       1.0555143       1.0413664       1.0241494      0.98622308     0.025665427     0.018482376    0.0019545546
       2.8054733       1.0001723      0.98129532       1.0408241      0.98597527       1.0879010       1.0593968       1.1067723       1.0063291      0.13884065   -0.0050857915    0.0057652202
       2.8210711       1.0831711       1.0127607       1.0344045       1.1167874       1.0437251       1.0955301       1.0800044       1.1041578      0.26206979    -0.023918604     0.011529908
       2.8366733       1.0838914       1.1255401       1.0267216       1.0942872       1.0532719       1.0641012       1.0645512       1.0650972      0.29032391    -0.035526406     0.015472395
       2.8688555       1.0494302       1.0612044       1.0103595       1.0525222       1.1222233       1.0737688       1.0825677       1.0409437      0.26298651    -0.042560909     0.015976580
       2.8844939      0.96123788       1.0353911       1.0092674       1.0896833       1.0420220       1.0557006       1.1158139       1.1134032      0.22689663    -0.023827305     0.013662996
       2.9000889       1.0633554       1.1127431       1.0779455      0.97364824       1.1025889       1.0671919       1.1014354       1.0787226      0.21210514    -0.014671509    0.0055336375
       2.9156828       1.1370003       1.0662662       1.0573796       1.0248677       1.0766807       1.0693851       1.0095795       1.0874460      0.26865336    -0.027741065    0.0078111682
       2.9313069       1.1305051       1.0810881       1.0702765       1.0215413       1.0396875       1.1297569       1.0894937       1.0546818      0.21675226    -0.016026806     0.016442722
       2.9469055       1.1291598      0.97103917       1.0801933       1.1074170       1.0677220       1.0309650      0.95660431       1.0711035      0.18524496   -0.0081184432    0.0017345771
       2.9625150       1.0858144      0.99704725       1.0765710       1.0860079       1.0234701       1.0758163       1.0880305       1.0291458     0.052002531    0.0091729267    0.0087960437
       2.9781375      0.97962704       1.0006677       1.0471416       1.0663284       1.0109104       1.0349078      0.97775933      0.92592664     0.024747644   -0.0072106053     0.010330123
       2.9937572       1.0773313       1.0610082       1.0029116      0.95074664       1.0791362      0.98068970      0.96137045       1.0249482     0.094575733   -0.0072812671   -0.0057583535
       3.0093317       1.0111471      0.94780575       1.0180551       1.0161796       1.0415872       1.0725086      0.98520806      0.97583582     0.054815114    0.0052732034   -0.0096793547
       3.0249183      0.96882590       1.0591734       1.0153135       1.0459104       1.0060439       1.0268298       1.0766396      0.98699822     0.074811943    0.0021784343   -0.0027765967
       3.0405222       1.0243130      0.97659326       1.0026871       1.0431233       1.0169611       1.0098023      0.99902335       1.0146807     0.059933953  -0.00051042647     0.020645035
       3.0565950       1.0545537       1.0542735       1.0480971       1.0490962       1.0354057      0.97810891       1.0257265      0.97732358     0.058295045   -0.0054100789     0.010420479
       3.0722158       1.0332131      0.96923107       1.0322602      0.96547393       1.0289368       1.0172986       1.0008138       1.0065310   -0.0078522190    0.0056215003     0.027910631
       3.0878194       1.0403613      0.91993137       1.0083840      0.96064853       1.0312089       1.0029563      0.96750801       1.0058578    0.0029873108    0.0030755275     0.018715018
       3.1034414       1.0833031       1.0206493       1.0315725      0.93752286       1.0764898       1.0159661       1.0014442      0.99050710     0.011491846   -0.0037068299     0.019060938
       3.1190628       1.0689756      0.93186862      0.94896332      0.93830458       1.0055811       1.0931444      0.89650199      0.97383455    -0.072513863     0.023755075    0.0073074372
       3.1346464       1.0739613      0.93703490       1.0469107       1.0460587       1.0814214       1.0240762       1.0181083       1.0075952     0.013277491    0.0033118601     0.021207808
       3.1502361       1.0295095      0.97921460      0.98602480      0.97330513      0.96589851       1.0570598      0.96862620      0.96588939    -0.015903139     0.013448876    0.0076160291
       3.1658306      0.95539834      0.93262824      0.96552970      0.95459610       1.0008222      0.96049587      0.93614527      0.95749678     -0.11921266     0.032525260    0.0038229832
       3.1814108       1.0105040       1.0237479       1.0467319       1.0314021      0.93374210      0.96531272      0.98816090      0.94698410     0.033958472     0.020118190     0.016271695
       3.1970211       1.0953739      0.99510542      0.95603857      0.93945763       1.0272678       1.0140314      0.94904721      0.98846655     0.016891832    0.0040320791     0.024686225
       3.2126303      0.99110607       1.0283736       1.0175117       1.0378938       1.1218927      0.97488961       1.0041379       1.0292160     0.062773392   -0.0063363356    0.0050551426
       3.2282117       1.0487034       1.0220556       1.0214747       1.1010978       1.0691443       1.0313796       1.0158280       1.0349945      0.15535536    -0.026179586     0.011601593
       3.2442369       1.0268053       1.0350408       1.0904827      0.95894261      0.93213141      0.97703591       1.0885072       1.0711170     0.092096791    -0.042291559   -0.0036652945
       3.2598497       1.1043611       1.0224828       1.0115340       1.0193940      0.96331372       1.0308457      0.99066891       1.0127857      0.15201086    -0.032225795     0.013740676
       3.2754264      0.98582398      0.97901600       1.0114577       1.0733571       1.0580334       1.0072179       1.0277119      0.98784949      0.11623031    -0.022451343    0.0078248335
       3.2910030       1.0759976      0.99840221      0.96292956       1.0256208      0.91756283      0.97380029      0.92827261       1.0448048     0.080987930    -0.024765037   -0.0037805107
       3.3066169      0.96677824      0.95855516      0.97878668       1.0166740      0.99203401      0.90655991       1.0373802       1.0881451   -0.0025705975    -0.030868798   0.00034118537
       3.3222200      0.98785872      0.96037729      0.92618461      0.99805925      0.98896293       1.0191889      0.93034017       1.0256314    0.0016256266    -0.015461276   -0.0025020421
       3.3378122      0.97475544      0.95977865       1.0133128       1.0291876       1.0034418       1.0168107       1.0566640      0.94482701     0.070206545    -0.010336461     0.014957285
       3.3534242      0.97936742       1.0070258       1.0135399       1.0461751       1.0043398      0.96175871      0.97585902       1.0882800     0.050295755    -0.024647430    0.0051637553
       3.3690117      0.97262352      0.97978802       1.0080097      0.98252316      0.97967364      0.98125763      0.93637208       1.0781114     0.034532107    -0.028159162   -0.0028283640
       3.3846058      0.97835134       1.0050431      0.95024654       1.0890989       1.1048729       1.0370666       1.0132991      0.97954447      0.10639856    -0.041512307   0.00095098466
       3.4002214       1.0929947      0.97917019       1.0977978       1.0536461      0.97522766       1.1278524       1.0413771       1.0971736      0.13607439    -0.027136223   -0.0031190272
       3.4158061      0.96621349      0.99678140       1.1087763       1.0279709      0.99281448       1.0263161      0.96975140      0.99535163     0.063298635    -0.020731958    0.0011138455
       3.4318514       1.0543571       1.0547518      0.99894647       1.1430269       1.0723165       1.0505266       1.0436636       1.0797729      0.12384954    -0.028799796    0.0030507576
       3.4474753       1.0032309       1.0242039       1.0049003       1.0087438       1.0386197       1.0970444       1.0533026       1.0176863      0.12893823    -0.022109576     0.013607413
       3.4630511       1.0658518       1.0290385      0.99187845       1.0907426       1.1168749      0.94103405       1.0222999       1.1330972     0.061339539    -0.018534472   0.00037358096
       3.4786750       1.0253341       1.0548195       1.0158325       1.0361646       1.0084711       1.0397117      0.98718244       1.0647163     0.067750923    -0.018636355    0.0027523637
       3.4942983      0.99761497       1.0521220       1.0476416      0.94870973      0.96198085       1.0259325       1.0158992       1.0124378     0.086252742    -0.029555578     0.013759571
       3.5098706      0.97953291       1.0044787      0.98042322      0.95965663       1.0575998      0.98968327      0.98457096       1.0210151      0.10590984    -0.036943622    -0.012098414
       3.5254722       1.0251875       1.0561562       1.0026683       1.0268022       1.0157876      0.99189426       1.0245873       1.0531959     0.066279933    -0.034340356    0.0045558708
       3.5410431      0.98632354      0.96574223      0.97635226      0.98071011      0.97701511      0.94058899       1.0019490      0.93682418     -0.11771698    0.0046191709    0.0014229473
       3.5566647       1.0145581       1.0063474      0.87916734      0.98560586      0.99329241      0.99426766       1.0622119       1.0581323    -0.050534852   0.00037179588   0.00047790213
       3.5722792      0.92246215      0.90261337      0.89914327      0.93411187      0.92239014      0.94253809       1.0115032      0.97865037     -0.13435939   -0.0054147420     0.011500368
       3.5878650      0.96950703      0.94625718      0.90969494      0.93031658      0.94116184      0.94649684      0.88741712      0.93219861     -0.28207773    0.0092374431     0.036767870
       3.6034867      0.90165507      0.95285633      0.92549628      0.95418314      0.93165160      0.89815404      0.91880303      0.95719829     -0.28166825   -0.0014639972    -0.011339376
       3.6195578      0.98180799      0.93759064       1.0097341       1.0526123       1.0307545      0.99375254      0.91791681      0.94432310     -0.21397595    -0.017318374    0.0028836830
       3.6351419      0.97562897      0.93144481      0.91984858       1.0069948      0.99208620      0.97198370       1.0436702       1.0170948     -0.11700462    -0.030899880    0.0021405481
       3.6507392      0.91866817       1.0411988      0.95225465      0.97227096      0.97656435      0.99452863       1.0511570       1.0003188    -0.019143524    -0.032579456    0.0087303128
       3.6663517      0.98140947       1.0211169      0.98755059       1.0162789      0.98299147      0.96212315      0.95547982       1.1437364     0.034490708    -0.031919312     0.021667007
       3.6819772       1.0423048      0.97093430       1.0068958       1.0314222      0.99661464       1.0500112       1.0108646       1.0086157     0.031704079    -0.034646746    0.0017853477
       3.6975900      0.98268544       1.0048889      0.94820596       1.1036654      0.99850589       1.0101492       1.0659829      0.95176137     0.054558136    -0.040806036    -0.010337078
       3.7131847       1.0425908       1.0501289      0.95776448       1.0414330       1.0680819       1.0574280      0.97296154       1.0195123      0.10506690    -0.054566436    0.0041509029
       3.7287714       1.0830129       1.0550042      0.96391024       1.0428907      0.97254073      0.94285777      0.99897501       1.0420272     0.056530677    -0.038323376   -0.0037462628
       3.7443958       1.0513724       1.0027255      0.97191370       1.0870736       1.0617992      0.96502799      0.99682114       1.0658324     0.081570812    -0.036176227    0.0031838235
       3.7599969      0.96373938      0.98213911      0.99052183      0.99778606       1.0138007       1.0099224       1.0719287       1.0199477     0.060313258    -0.043394998     0.015191270
       3.7756247       1.0329850      0.98638102      0.95780365       1.0706613      0.95275500      0.96904752       1.0341884       1.0259395     0.047836296    -0.033408109    0.0020567747
       3.7912242       1.0352645      0.94024659       1.0298761       1.0683198       1.0491991       1.0731353       1.0256610       1.0516862     0.064168498    -0.037773982    0.0024402919
       3.8222683      0.90638635      0.97374027      0.99263522       1.0422520       1.0008917      0.97854884      0.95823820       1.1118649    -0.022817608    0.0091983853     0.020969898
       3.8378764       1.0046714       1.0447800       1.0030133       1.0303330      0.97467289       1.0091017      0.91091657      0.95370425    -0.044206854     0.018464344    -0.018274993
       3.8534605      0.98154695      0.97371790       1.0443141      0.99009642       1.0316520       1.0256715       1.0088602      0.96867813    -0.010251030     0.020840082   -0.0091710202
       3.8690492       1.0077659       1.0482989       1.0329279       1.0076875      0.99473666       1.0450077       1.0712793      0.86694318     0.078510098    0.0069185859   -0.0059246686
       3.8846467       1.0441312       1.0474758       1.0610068       1.0228911      0.99562894       1.0374634      0.99548230       1.0481230     0.058303773    0.0048607588     0.012680434
       3.9002711      0.96341044       1.0112285      0.97976193      0.90744913       1.0796638      0.94789435       1.0909786       1.0506669      0.14474724    0.0030323153     0.011987715
       3.9158939       1.0015105       1.0525736       1.0845603       1.0391693      0.99909375       1.0376262      0.97509693       1.0904772      0.16349028    -0.022247052     0.010567407
       3.9315133       1.0168747       1.0447307       1.0681127       1.0997438       1.0604272       1.0009283       1.0683282       1.0580941      0.11440586   -0.0080841184    0.0091812909
       3.9470994       1.0219045       1.0320737       1.0435573       1.0342959       1.0640735       1.0380681       1.0229119       1.0548404      0.11146827   -0.0094770873    0.0068008034
       3.9627103      0.99691085       1.0463791      0.97933009       1.0680325       1.0184627       1.0381252      0.98911090       1.1061667     0.017342858    0.0015108496     0.010846848
       3.9783322       1.0015194       1.0741272       1.0320820      0.97199363      0.96034277       1.0526353      0.99366690       1.0187539    0.0089143310   -0.0027627782    0.0021408873
       3.9939406       1.0096042       1.0601390       1.0518678       1.0188309       1.1066277       1.0148319      0.92913941      0.92469824     0.049380068     0.010852165   -0.0016917153
       4.0099853       1.0201639       1.0218824       1.0601291       1.0699270       1.0583421       1.0070776       1.0616544       1.0195689     0.078642309   -0.0029979532    0.0060182954
       4.0255858       1.0497505       1.0116959       1.0090928       1.0937911      0.90830879       1.0120707       1.0429567       1.1003321     0.071891226   -0.0033188935   -0.0074146753
       4.0412089      0.96896162       1.0411019       1.0578063       1.0510274       1.0695092      0.91171207      0.95917744       1.0429148      0.11690576    -0.015499376  -0.00086419843
       4.0568256       1.0420646       1.0358141       1.0759637      0.98799279       1.0839346       1.0733479       1.0957048       1.0959369      0.16206852   -0.0073658591   -0.0066779889
       4.0724269      0.98497432       1.0218878       1.0341308       1.0173707       1.0969888      0.98827220       1.0107250       1.0501741      0.13466620    -0.010734550    0.0023450907
       4.0880294      0.99701905       1.0936720       1.0358561       1.0325282      0.92645788       1.0392932      0.92902503       1.1161399      0.11423576   -0.0049827159  -3.9062928e-05
       4.1036522       1.0383389       1.0712863      0.99954503       1.0470792       1.1124979       1.0487131      0.96215094       1.0968264      0.12020667    -0.023238009   -0.0075650965
       4.1192600       1.0449933      0.97187363      0.99271963       1.0168463       1.0858900       1.1326369       1.0353410       1.0551930      0.12047455    -0.023978580    0.0027413452
       4.1348605       1.0286903       1.0494454       1.0661253      0.98535697      0.96769850       1.0799088       1.0610672      0.99596386      0.13101774    -0.011808916   -0.0040742885
       4.1504305      0.98097328       1.0662830       1.0384137       1.0383529       1.0793629       1.0118316       1.0433864       1.0924468      0.17045917    -0.026647614     0.016484611
       4.1660450       1.0420426       1.0873576       1.0456888      0.98819628      0.95423269      0.97508405       1.0903866       1.0030274      0.11709192   -0.0035666483    0.0081682289
       4.1816600       1.0777047       1.0347473       1.0545694       1.0403819       1.0360189       1.1265383       1.0305707       1.1003263      0.13188268    -0.014944261   -0.0022737952
       4.1977330      0.97039489      0.98448870      0.95413580       1.0145992       1.0535151       1.0456416       1.0938438       1.0813855     0.063459866    -0.023137772     0.011005231
       4.2133417      0.99223198      0.99115601      0.99730328       1.0140153       1.0110342       1.0462331       1.0413343       1.0375516      0.10369001    -0.017320970    0.0043384540
       4.2289572       1.0364813       1.0222288       1.1150738      0.96215332       1.0184356       1.0577427       1.0370713       1.0588210      0.14945273    -0.021452086    0.0012877788
       4.2445511      0.99413891       1.0683728       1.0392493      0.92664488       1.0294811       1.0029599       1.0260063       1.0153039     0.069629125   -0.0063896254     0.010935501
       4.2601292       1.0305561      0.99462474       1.0103340      0.96052666      0.98259824       1.0624896       1.0112612       1.0448725     0.034835346    -0.014042338    0.0055398853
       4.2757514       1.0120962      0.92362826      0.99142597      0.98434112      0.92572794      0.99452112       1.0168659       1.0163916   -0.0046691387   -0.0078646336  -0.00014926959
       4.2913533       1.0160676       1.0168253       1.0057543      0.98935382       1.0734644       1.0236716       1.0651447       1.0572020     0.061213583    -0.027656572   -0.0016970322
       4.3069519       1.0588453       1.0438960       1.0063596      0.99383012       1.1012430      0.98807546       1.0682241       1.0799680     0.055621229    -0.019491980   -0.0055120261
       4.3225544       1.0040127      0.99058189       1.0042643       1.0513790      0.92461724      0.94300331      0.96678335       1.0005033    -0.084054388    -0.013559707    0.0077857324
       4.3381617      0.99929542      0.97475020      0.97526496      0.95976632      0.87774534       1.0700679      0.96922704       1.0033813    -0.069104597    -0.024339855     0.021818589
       4.3537489      0.91074622      0.98281688      0.98235683      0.96675022       1.0577468      0.94166659      0.94151318      0.98822686    -0.070429161    -0.013275751     0.012984795
       4.3693636      0.96335851      0.90511674      0.99530123       1.0006109      0.97894146      0.95272246      0.95092397       1.0027272     -0.16439292    0.0065587219   -0.0078212526
       4.3854111      0.89853344      0.97984147      0.98803454      0.89858996      0.94117438      0.92989955      0.95165620      0.97279431     -0.18748893   -0.0049085943    -0.016098753
       4.4010283      0.75772658      0.72738996      0.82122129      0.87626646      0.71772127      0.72920038      0.78047005      0.74676072     -0.88570106     0.035571087     0.017689452
       4.4166494      0.65028291      0.60317447      0.58464669      0.63046798      0.57376276      0.59422061      0.60266152      0.58813908      -1.5556147     0.011351089   -0.0017520040
       4.4322658      0.65889966      0.68096499      0.69249836      0.74778390      0.77843765      0.70385409      0.75592103      0.58554462      -1.0920892    0.0045083379   -0.0044108182
       4.4478517      0.54278426      0.56328929      0.59185293      0.57279662      0.57585578      0.57275834      0.60280608      0.58070069      -1.5514621     0.012777187     0.046001881
       4.4634783      0.71110477      0.81606855      0.75819820      0.75906300      0.73710512      0.82782803      0.70445338      0.71830878     -0.86230278     0.021512385     0.010867074
       4.4790772      0.79767624      0.81264910      0.83834380      0.82851110      0.76967264      0.76214021      0.79813493      0.85778100     -0.70260072     0.021527775   -0.0053020045
       4.4946761      0.77691197      0.83870396      0.82768772      0.84404000      0.84602526      0.81592825      0.79047163      0.83991748     -0.57853150    0.0038202223   -0.0063476712
       4.5102661      0.76287193      0.83050575      0.83503358      0.72143091      0.78625653      0.85280935      0.78794233      0.80966929     -0.72259712    0.0070679816  -0.00011119992
       4.5258606      0.73522709      0.80283118      0.77806506      0.78262715      0.74659503      0.77051075      0.72308370      0.71305309     -0.92281723   0.00039577670    -0.019515172
       4.5414319      0.71910402      0.73902699      0.77162090      0.80181093      0.80119015      0.78750268      0.77357547      0.80527051     -0.85862005    0.0023235441     0.017126404
       4.5570311      0.80585240      0.82013841      0.82340772      0.82704708      0.77709397      0.75438458      0.86704127      0.79204014     -0.73243654    0.0085168071    -0.024941079
       4.5730644      0.75590581      0.79917342      0.78881505      0.82230607      0.82193974      0.82118847      0.74825843      0.73622788     -0.78662950     0.021631163     0.013126701
       4.5886886      0.83824367      0.83482029      0.85921857      0.81039677      0.77988867      0.80462176      0.85156083      0.87098750     -0.60065401    0.0039922129    -0.014577143
       4.6042853      0.85137677      0.87302648      0.82702405      0.85598856      0.77540751      0.89458648      0.83764900      0.80211125     -0.73968118    0.0081810979    -0.026813664
       4.6198908      0.83021764      0.84382809      0.83220329      0.85742094      0.80822005      0.79718151      0.85673132      0.85718185     -0.51043463     0.027518950    0.0075588822
       4.6354558      0.89006682      0.82357096      0.90535747      0.85782962      0.76476575      0.83838220      0.90337639      0.87531708     -0.53870809   -0.0083618751    -0.016651645
       4.6510575      0.87518206      0.92473442      0.91474250      0.90994454      0.89306685       1.0551723      0.90327074      0.88311062     -0.40999606    -0.020580292   -0.0049499199
       4.6666736      0.96522134      0.92794640      0.90673763      0.98186096      0.87613875      0.97731129       1.0295903      0.95893470     -0.23520283    0.0022814432     0.021681150
       4.6822994      0.97814920      0.96860733      0.94895557      0.83567333      0.90870000      0.92226371      0.87937816      0.92675815     -0.23333058   -0.0053579286     0.012681859
       4.6978886      0.86648707      0.91108588       1.0361565      0.84276834      0.97284709      0.97304612      0.90607941      0.94847735     -0.26985288     0.016312554     0.012280747
       4.7134728      0.86261106      0.99699879      0.85701156      0.89794843      0.90992474      0.98234549      0.86635809      0.89241128     -0.37242997     0.012035363   -0.0036682002
       4.7290736      0.95177418      0.89633873      0.91355797      0.88304502      0.93366626      0.95108951      0.97400323      0.86637581     -0.33774596    0.0010061660    0.0089371093
       4.7446506      0.95995832      0.90475832      0.87904883      0.96649877      0.84761425      0.95995102      0.86266616      0.98225813     -0.29070842    -0.021414062    0.0023702774
       4.7760108      0.97396624      0.85972627      0.98870504      0.96666448      0.92931602      0.99854846      0.89818788      0.91852192     -0.30827785    0.0089924345    -0.043773495
       4.7916142      0.90424868      0.93330369      0.87963072      0.89430688      0.92490818       1.0053781      0.91536155      0.97714341     -0.24928153   -0.0090558408    -0.024348035
       4.8072264      0.93871114      0.90822508      0.92144613      0.91792790      0.88525374       1.0245859      0.93808433      0.92893991     -0.26528195    0.0031898683    -0.022278300
       4.8228267      0.87220772      0.89439405      0.91294203      0.94309049      0.84801952      0.95338488      0.88249419      0.90958612     -0.33897522    0.0038180333    -0.027479025
       4.8384353      0.84794987      0.88126324      0.86951992      0.86328194      0.87702974      0.84386292      0.88658042      0.88709066     -0.50388402     0.031900030    -0.025974717
       4.8540514      0.85527875      0.87208350      0.84745264      0.77918773      0.71263604      0.83073180      0.83947883      0.85211133     -0.67650056     0.016905744    -0.064589426
       4.8696650      0.77807278      0.82538265      0.88723475      0.86246536      0.82683518      0.82238394      0.74530715      0.80764447     -0.67422503     0.060650531    -0.038802739
       4.8852878      0.81876559      0.85707502      0.82631263      0.81116609      0.80628029      0.84705172      0.78288209      0.84786393     -0.57574695     0.013266982    -0.024796259
       4.9008830      0.84227379      0.88082383      0.88826131      0.92010957      0.95557406      0.92895132      0.85625835      0.86514523     -0.34900162   -0.0067684930    -0.022940749
       4.9164858      0.96426423      0.93744839      0.89349960      0.99412562      0.90337522      0.87488162      0.92951913       1.0174840     -0.29794204     0.022533646    -0.019838002
       4.9320880      0.97275911      0.96025979      0.90920003      0.92470725      0.90114834      0.93029648      0.88238846      0.88156680     -0.36448100     0.012147609    -0.032116964
       4.9477100      0.84372018      0.89970810      0.90511636      0.94503090      0.94245160      0.93442446      0.93582348      0.97006250     -0.38447452     0.042273290    -0.025459956
       4.9637669      0.98990361      0.96724535      0.95034354      0.88494302       1.0149536      0.93283481      0.91214867      0.89540197     -0.35999000     0.014169132    -0.038014777
       4.9793653       1.0234467      0.95461579      0.84633298      0.89646866      0.83075291      0.89340855      0.92540452      0.90018062     -0.32823777    0.0031259598    -0.032910895
       4.9949883      0.89603465      0.82957431      0.96078218      0.90965025      0.79936277      0.82888003      0.77052812      0.86770106     -0.49318033     0.044131778    -0.073089279
       5.0105908      0.88967324      0.93216889      0.88342449      0.90637233      0.91376051      0.94542852      0.91945292      0.83232557     -0.30881342     0.012667492    -0.018551281
       5.0262153      0.93120779      0.90611884      0.89291323      0.84629800      0.88013275      0.87047589      0.87443557      0.87949722     -0.39869121     0.050524615    -0.035575926
       5.0418158      0.88246271      0.92155009      0.80455173      0.94212367      0.79247214      0.86704628      0.83472345      0.78489197     -0.52636802     0.038998269    -0.054145388
       5.0574353      0.77170928      0.88404028      0.84146777      0.83340214      0.79155305      0.85338372      0.81399455      0.76955983     -0.48947349     0.030616775    -0.063689962
       5.0730269      0.83165145      0.87913498      0.89881502      0.83053639      0.89148889      0.85771319      0.92084993      0.84467330     -0.41364065     0.016519729    -0.049546160
       5.0886506      0.87084491      0.85889657      0.90646027      0.91414537      0.86656112      0.87604744      0.96387433      0.90509242     -0.46957535     0.012553554    -0.051473584
       5.1042508      0.83773052      0.95565667      0.89595745      0.76725890      0.89792293      0.92202428      0.86274639      0.85544535     -0.49017239     0.042883389    -0.028503064
       5.1198408      0.85147490      0.93466131      0.92934158      0.94785559      0.82746982      0.91397679      0.89630200      0.89175276     -0.43767157     0.019192193    -0.073463477
       5.1354208      0.81704044      0.94413298      0.85624086      0.83893022      0.90454431      0.90675941      0.95152676      0.91916454     -0.51595086     0.013673460    -0.049027827
       5.1514506      0.89755962      0.76378405      0.80840076      0.83134434      0.77266399      0.71307659      0.82892459      0.71818434     -0.72839600     0.061237656    -0.066269487
       5.1670517      0.70242844      0.78642821      0.77957348      0.78792709      0.65713256      0.80838676      0.73922393      0.73435807     -0.92639649     0.022047482    -0.080265343
       5.1826597      0.76101045      0.79265398      0.80236950      0.81145225      0.71376880      0.76914145      0.82248684      0.79735124     -0.83845901     0.029986899    -0.069408514
       5.1982822      0.69031541      0.67967078      0.68966259      0.76714793      0.72499662      0.72454296      0.82419643      0.65980093      -1.0030413     0.044327278     -0.12000313
       5.2139042      0.76674854      0.78809081      0.87933330      0.80089671      0.81259142      0.79432105      0.84924719      0.69614818     -0.78523713     0.052409083    -0.069435053
       5.2295344      0.81105003      0.85807544      0.81899790      0.82269935      0.72818513      0.86308094      0.70491684      0.82503159     -0.79205155     0.039712146    -0.055558987
       5.2451408      0.73640129      0.75952585      0.80438099      0.83210133      0.86252402      0.92399737      0.81964378      0.67844846     -0.82344311     0.018146073    -0.056108512
       5.2607025      0.78144044      0.82194268      0.87096964      0.83965478      0.79659006      0.82020039      0.70612945      0.76613629     -0.73846674     0.018663596    -0.078718416
       5.2763072      0.77748125      0.79119045      0.90684262      0.78289543      0.74059913      0.79648076      0.88002454      0.65295976     -0.82342422     0.067661114    -0.079653747
       5.2919303      0.71933726      0.79938878      0.80478118      0.84971133      0.72611230      0.75182517      0.81997282      0.76163177     -0.82147795     0.053538881    -0.052897438
       5.3075144      0.81155283      0.83646051      0.87059539      0.79773469      0.74929299      0.84818887      0.78474224      0.75293237     -0.79377079     0.060405396    -0.090522736
       5.3231239      0.71534751      0.74526076      0.72076019      0.69701376      0.60582398      0.66601939      0.64920183      0.57560190      -1.1743828     0.052747078    -0.061708033