       0.0000000      0.91807176      3.49115   -0.0669655    0.0379412
     0.018512774      0.94292843      3.64346   -0.0519497    0.0117596
     0.037004717      0.94432566      3.64705   -0.0359222    0.0202867
     0.055463333      0.87386223      3.37243   -0.0574400    0.0261295
     0.073948335      0.93119295      3.35193   -0.0758675   0.00973609
     0.092471659      0.75369669      3.17002   -0.0634804  0.000179678
      0.11098861       1.0297735      3.54262   -0.0368591    0.0265541
      0.12949111      0.94880069      3.49016   -0.0308650    0.0221748
      0.14799694      0.86958840      3.41733   -0.0365947    0.0312720
      0.16648361      0.99533609      3.70664   -0.0493914    0.0299017
      0.18543278      0.94235719      3.72321   -0.0307719    0.0128562
      0.20396694      0.92694678      3.53482   -0.0186419    0.0309177
      0.22243777      0.88839845      3.57941  -0.00685099    0.0260743
      0.24089222       1.0878299      3.77748  -0.00617158   0.00729379
      0.25938083       1.0704049      3.86444  -0.00430430    0.0106086
      0.27789110      0.95503898      3.79917   0.00132065    0.0234964
      0.29640194      0.89168128      3.54592  -0.00144830    0.0127185
      0.31493472      0.94309574      3.56784   -0.0105525    0.0270427
      0.33342472      0.83316563      3.12641  -0.00525580    0.0112221
      0.35189471      0.89804893      3.45822   -0.0151795   0.00452474
      0.37084055      0.87274984      3.63725    0.0105467    0.0409646
      0.38930389      0.94230634      3.49357   -0.0112178    0.0359337
      0.40780944       1.0863591      3.64860   -0.0192230    0.0404777
      0.42629360      0.94540991      3.72437  -0.00989622    0.0162404
      0.44476611      0.96421896      3.50578   -0.0102133    0.0209756
      0.46327889       1.0549518      3.85719    0.0199809    0.0334976
      0.48179555      0.87322235      3.43934    0.0217359    0.0227089
      0.50032528      0.82122098      3.45615    0.0171814    0.0376138
      0.51877528      0.90116231      3.39191  -0.00260731    0.0191940
      0.53724444      0.98698554      3.55079 -9.99384e-05   0.00375471
      0.55617611      0.90397913      3.50469   -0.0289951    0.0238151
      0.57466194      0.91211814      3.70371    0.0192849   0.00195396
      0.59311749      0.99246310      3.61998  -0.00882125   0.00526702
      0.61160111      0.92878277      3.76440    0.0193836    0.0232425
      0.63007694       1.0580497      3.96190    0.0281912    0.0118156
      0.64856360       1.0504547      3.77006    0.0146014    0.0341359
      0.66702250      0.98661159      3.84337    0.0112303    0.0207165
      0.68550555       1.0518849      3.97623    0.0313112    0.0136113
      0.70397861      0.95801082      3.51000   0.00750772    0.0183774
      0.72243138       1.0020054      3.90368    0.0212349    0.0135145
      0.74140277       1.0884761      3.91216  -0.00330073    0.0133902
      0.75991055      0.98493275      3.92210    0.0325207    0.0286892
      0.77837055       1.0123678      3.86492    0.0188965    0.0354342
      0.79688944       1.0538176      3.94426    0.0471075    0.0146542
      0.81535139       1.0576305      4.02101    0.0509323    0.0105868
      0.83382666      0.95204118      3.93550    0.0161549    0.0285177
      0.85231638       1.0268510      4.07616    0.0285936    0.0114039
      0.87077889       1.0079323      3.92866    0.0460165    0.0177259
      0.88923805       1.1091326      3.93535    0.0361349    0.0293016
      0.90770888      0.99373163      3.92052    0.0396577    0.0183975
      0.92658221       1.0740746      3.98267    0.0520162    0.0246577
      0.94509111       1.0417986      3.92842    0.0345486   0.00592515
      0.98009638      0.98838319      3.70242    -0.102825   -0.0160431
      0.99857555       1.0321783      3.88946   -0.0867110   -0.0180421
       1.0171044       1.0057447      3.71975   -0.0828068   -0.0166487
       1.0355997       1.0235731      3.73504   -0.0872159   -0.0225914
       1.0541044       1.0572290      3.70027   -0.0962968   -0.0193507
       1.0726128       1.0628973      3.61228    -0.104793   -0.0383936
       1.0911197      0.96559875      3.57640   -0.0942940  -0.00803420
       1.1096250      0.95744313      3.79011   -0.0878318   -0.0327962
       1.1281147       1.0376279      3.81180   -0.0830688   -0.0144922
       1.1465864      0.97895974      3.76669   -0.0767893   -0.0108790
       1.1655458      0.99691785      3.80372   -0.0742871   -0.0120788
       1.1840758      0.90447233      3.49239   -0.0591110   -0.0179120
       1.2025222      0.93059688      3.46008   -0.0699079   -0.0211201
       1.2210192       1.0079645      3.67696   -0.0544471   -0.0156988
       1.2394817       1.0883173      3.84222   -0.0659360   -0.0192682
       1.2579886      0.98670678      3.88914   -0.0516439   -0.0192805
       1.2765156      0.93970242      3.70368   -0.0615196   -0.0131696
       1.2950128      0.99268197      3.82913   -0.0454667   -0.0316576
       1.3135350       1.1331579      3.98984   -0.0340872  -0.00812086
       1.3319975       1.0907772      3.92669   -0.0483465   -0.0221066
       1.3508950       1.0962480      3.97786   -0.0294183   -0.0204047
       1.3693925       1.0275929      3.67775   -0.0381907   -0.0216653
       1.3878453       1.0692850      3.84742   -0.0201002   0.00336406
       1.4063531      0.95772703      3.72149   -0.0482380   -0.0188596
       1.4248397       1.1017299      3.82531   -0.0194871   -0.0252621
       1.4432889       1.0319549      3.75170   -0.0312459   -0.0174353
       1.4617464       1.0217515      3.65594   -0.0295701  -0.00313687
       1.4802586      0.91279598      3.43748   -0.0185517   -0.0423664
       1.4987092      0.97484022      3.84305  -0.00691126   -0.0160797
       1.5172108      0.92529290      3.76713   -0.0409015  -0.00676006
       1.5361919       1.0289819      3.91683   -0.0133793   -0.0129374
       1.5547158       1.0202928      3.82467  0.000255041   -0.0293257
       1.5732217      0.94303792      3.57375   -0.0129271   -0.0145239
       1.5917475      0.89995521      3.60506  -0.00425709   -0.0258682
       1.6102153       1.0373968      4.01992    0.0103531   -0.0215637
       1.6286900       1.0799181      4.01138   0.00960737   -0.0114104
       1.6472200       1.0222974      3.66858 -0.000274122   -0.0118876
       1.6656714       1.0033462      3.81900    0.0103868  -0.00326765
       1.6841881      0.86500943      3.62102    0.0127727   -0.0286112
       1.7027167      0.99670075      3.89656    0.0205849  -0.00191921
       1.7216130      0.94718180      3.75849   -0.0100209  -0.00465938
       1.7401450       1.0239447      4.04259  -0.00856671   -0.0268253
       1.7585753      0.98421477      3.57425   -0.0201920   -0.0142713
       1.7770458       1.0848373      3.92545    0.0250273  -0.00798810
       1.7955000       1.0520827      3.80942    0.0190787  -0.00445217
       1.8140297      0.98306963      3.76590    0.0155281   0.00567552
       1.8325200      0.96699085      3.71188  -0.00982353   -0.0139817
       1.8509919       1.0312816      3.88409   0.00558660   -0.0285145
       1.8695050       1.0311119      3.93820    0.0191269  -0.00457940
       1.8880344       1.0849363      4.03816    0.0376927  -0.00914216
       1.9070486       1.0136776      4.00444    0.0167229  -0.00309357
       1.9255692       1.0712990      4.14117    0.0426751   -0.0204379
       1.9615319       1.0694838      4.05080    0.0499879   0.00498450
       1.9800425       1.1747880      4.21560    0.0461087   -0.0267430
       1.9985242       1.0725050      3.99279    0.0448743   -0.0137197
       2.0170075       1.1237806      4.15857    0.0492862  -0.00476930
       2.0354755      0.99845976      3.98784    0.0366972   -0.0144696
       2.0539878       1.0515036      4.05427    0.0397981   -0.0116350
       2.0724667       1.0205869      3.92568    0.0559839  -0.00675160
       2.0909278       1.0906007      4.16084    0.0502750   -0.0236332
       2.1093789       1.1662937      4.30819    0.0696409  -0.00786218
       2.1278908       1.0125905      4.00970    0.0439060   -0.0138239
       2.1468422       1.0834585      3.75383    0.0319340   -0.0204706
       2.1653672       1.0702099      4.00531    0.0361636   -0.0173883
       2.1838511      0.99110825      3.72782    0.0250532  -0.00827542
       2.2023525       1.1438318      4.03585    0.0559305 -0.000858396
       2.2207897       1.0195996      4.13487    0.0422035  -0.00453943
       2.2393028      0.99290995      3.89189    0.0370507  -0.00788707
       2.2577647       1.0312432      3.97467    0.0432521   0.00138274
       2.2762503       1.1558077      4.12077    0.0418642  -0.00723889
       2.2946992       1.0640935      3.94598    0.0291091   -0.0151105
       2.3131903       1.0832630      4.09053    0.0580750  -0.00144702
       2.3321361       1.1639771      4.25187    0.0466980  -0.00488082
       2.3505956       1.1724747      4.19568    0.0579456  -0.00599390
       2.3691239       1.1559849      4.17660    0.0570436   0.00565654
       2.3876331       1.0465309      3.92719    0.0559223   -0.0103736
       2.4061305       1.1251208      4.22670    0.0641271  -0.00492769
       2.4246108       1.1818751      4.10427    0.0405336   -0.0141807
       2.4430886       1.1739007      4.29786    0.0608686   -0.0110647
       2.4615531       1.1190912      4.16620    0.0632573  -0.00357455
       2.4800250       1.0093956      4.00101    0.0579081   -0.0262683
       2.4985225      0.93720497      3.70871    0.0418973    0.0124288
       2.5173883       1.0591963      3.99913    0.0533348   0.00349000
       2.5358536       1.0840788      4.09482    0.0605547  0.000559837
       2.5543680       1.0351480      3.85018    0.0527331  -0.00771630
       2.5728064       1.0383362      3.77957    0.0363854   -0.0130232
       2.5913072      0.95203716      3.72561    0.0532781  -0.00660521
       2.6097636       1.0068434      3.70190    0.0292658   -0.0215129
       2.6282597      0.89486495      3.48709    0.0274498  -0.00643286
       2.6467231      0.94350481      3.78264    0.0325266   -0.0206548
       2.6651972       1.0451515      4.02030    0.0371941   -0.0256340
       2.6836775       1.0550407      3.97005    0.0541054   -0.0146691
       2.7026011      0.95341637      3.65607    0.0278518   -0.0130885
       2.7210592      0.89501028      3.46534    0.0211816   -0.0259314
       2.7395189       1.0885124      3.85767    0.0614006   -0.0173129
       2.7580217       1.0462419      3.86687    0.0328663   -0.0172767
       2.7765494      0.84312449      3.31760    0.0239675   -0.0347251
       2.7950786      0.89957239      3.54188    0.0354067   -0.0250514
       2.8135664      0.92138497      3.42360    0.0385249  -0.00828782
       2.8320975       1.0131669      3.57209    0.0505556   -0.0279315
       2.8506083      0.86232398      3.70658    0.0473481  -0.00867024
       2.8691061       1.0468963      3.73128    0.0523631   -0.0224224
       2.8880617      0.96176450      3.51357    0.0452151   -0.0129970
       2.9065322       1.0786584      4.08817    0.0635489  -0.00764033
       2.9418478       1.0861430      4.05187    0.0736789   -0.0204024
       2.9603783      0.98947263      3.91534    0.0653349   -0.0174980
       2.9788739       1.0223928      3.77150    0.0575914   -0.0264574
       2.9973342       1.0349283      3.79738    0.0502535   -0.0317675
       3.0158403       1.0969128      4.08030    0.0688512   -0.0167127
       3.0343267      0.99081045      3.74905    0.0497559   -0.0227954
       3.0527897       1.0891866      4.04028    0.0671466   -0.0103309
       3.0713197       1.0498973      3.93215    0.0503185   -0.0297113
       3.0898394       1.0672961      3.96541    0.0573744   -0.0186992
       3.1083425       1.1621024      4.01338    0.0487835   -0.0172282
       3.1273086      0.99280755      3.78390    0.0555569   -0.0347880
       3.1457836      0.89215845      3.51206    0.0446012   -0.0271764
       3.1642392       1.0131071      3.71393    0.0514427   -0.0305277
       3.1827386       1.1362245      4.09782    0.0613426  -0.00484401
       3.2012686       1.0766295      3.97747    0.0616386   -0.0208013
       3.2197614       1.0940928      4.15109    0.0744244   -0.0197779
       3.2382900      0.98200431      3.85280    0.0522091   -0.0253107
       3.2568197       1.0994412      3.97222    0.0457795   -0.0154712
       3.2753478       1.1326989      3.96575    0.0605850   -0.0131235
       3.2938592       1.0569997      4.08862    0.0606865   -0.0297663
       3.3127803       1.1018643      4.02823    0.0557233   -0.0120539
       3.3312886       1.1096137      4.05381    0.0691892   -0.0179822
       3.3498108      0.97693676      3.74982    0.0425949   -0.0268299
       3.3683103       1.1350945      4.11387    0.0685234   -0.0194944
       3.3868283       1.1002707      4.19350    0.0696362   -0.0346888
       3.4052694       1.1081864      4.09030    0.0466990   -0.0227637
       3.4237983      0.95349855      3.58116    0.0299937   -0.0312336
       3.4423131      0.93598824      3.48597    0.0483625   -0.0244332
       3.4607819      0.95042100      3.50988    0.0556015   -0.0203179
       3.4792769       1.1167969      3.95665    0.0541094   -0.0220149
       3.4983150      0.97946879      3.62262    0.0471234   -0.0161827
       3.5167608       1.1537834      3.92955    0.0508476   -0.0125646
       3.5352847       1.0027641      3.86798    0.0530224   -0.0265792
       3.5538142      0.94880140      3.59516    0.0411654   -0.0324610
       3.5722758       1.0870944      3.89057    0.0652383   -0.0168262
       3.5908050       1.0548850      3.91295    0.0622539   -0.0179298
       3.6093056       1.0466700      3.79172    0.0462468  -0.00889701
       3.6278125       1.0014370      3.60242    0.0509060   -0.0250165
       3.6463347       1.0004679      3.65913    0.0647406   -0.0184227
       3.6648658       1.1148071      3.72324    0.0659321   -0.0135380
       3.6838200       1.0697480      3.84385    0.0393382  -0.00957158
       3.7022828       1.0295796      3.71985    0.0439379   -0.0275466
       3.7208139       1.0603766      3.68955    0.0461941   -0.0342548
       3.7393317      0.98184870      3.42446    0.0267062   -0.0408932
       3.7577839      0.94260101      3.60794    0.0268325   -0.0303229
       3.7762675       1.0794627      3.96400    0.0307090   -0.0281288
       3.7947956       1.0455781      4.16110    0.0595994   -0.0249289
       3.8132875       1.1422787      4.12346    0.0691304   -0.0279292
       3.8317569       1.1299336      3.96015    0.0506221   -0.0222530
       3.8502464       1.1402631      4.15122    0.0480173   -0.0291709
       3.8691139       1.1031975      3.94522    0.0388332   -0.0318783
       3.8875883       1.0430040      3.64797    0.0448308   -0.0361983
       3.9233750       1.1991705      4.16585    0.0688557   -0.0242671
       3.9418392       1.1309392      4.14186    0.0576537   -0.0221077
       3.9603697       1.0945155      3.92134    0.0474257   -0.0172554
       3.9788014       1.1097964      3.93363    0.0656104   -0.0409701
       3.9973331       1.1287211      3.97681    0.0560518   -0.0109978
       4.0158622      0.94802849      3.58831    0.0394314   -0.0164257
       4.0343189      0.99613057      3.81379    0.0534178  -0.00704783
       4.0528022       1.0422177      4.03166    0.0535780   -0.0331543
       4.0712503       1.1449905      4.17118    0.0649819   -0.0109037
       4.0897786       1.0926553      4.00079    0.0623272   -0.0162149
       4.1086719       1.1411356      3.90085    0.0553808   -0.0183269
       4.1271372       1.1471211      4.14889    0.0559532   -0.0277315
       4.1456689       1.0907175      4.02562    0.0542300   -0.0146113
       4.1641261       1.1420937      4.02971    0.0521410   -0.0289065
       4.1826369       1.0348822      3.92378    0.0542393   -0.0370605
       4.2010775       1.0741332      4.03831    0.0352339   -0.0166253
       4.2196053       1.0719085      3.90188    0.0334185   -0.0283023
       4.2381344       1.0019697      3.72264    0.0435852   -0.0115152
       4.2565853       1.0594850      3.79304    0.0376893   -0.0156035
       4.2750508       1.0155225      3.77683    0.0590124   -0.0116208
       4.2939819       1.1096423      3.93424    0.0426491   -0.0234595
       4.3124258       1.0380596      3.78925    0.0759528  -0.00740981
       4.3308944       1.0584496      3.83497    0.0747711   -0.0103862
       4.3493983      0.92928998      3.45798    0.0604413  -0.00529566
       4.3678903       1.0310197      3.91149    0.0579153   0.00349864
       4.3863550       1.0832728      4.00118    0.0526071   -0.0212851
       4.4048708       1.1646296      4.08305    0.0551639  -0.00866789
       4.4233430       1.0534574      4.02431    0.0753158  -0.00903600
       4.4418706      0.98915261      3.72055    0.0452774   -0.0178483
       4.4603992       1.0965004      3.98055    0.0618187   -0.0235249
       4.4793455      0.94656055      3.45645    0.0266784   -0.0114806
       4.4978189       1.0131772      3.67197    0.0509307   -0.0263113
       4.5162828      0.97234094      3.61403    0.0406726   -0.0214550
       4.5347281      0.99442490      3.66889    0.0486005   -0.0170246
       4.5532581       1.0879064      3.78740    0.0666950   -0.0185364
       4.5717181       1.0170823      3.81626    0.0446591   -0.0204469
       4.5902150       1.0249992      3.85332    0.0637795   -0.0262970
       4.6087128       1.0558578      3.94740    0.0620334   -0.0120120
       4.6272336      0.99443920      3.84284    0.0580927   -0.0234860
       4.6457608       1.0133469      3.81490    0.0693870   -0.0296366
       4.6646972       1.0611554      3.79773    0.0438774   -0.0364234
       4.6831542      0.98258506      3.58587    0.0508864   -0.0102528
       4.7016192       1.0316086      3.81870    0.0667304   -0.0272268
       4.7200850       1.1369327      3.95904    0.0807300   -0.0262524
       4.7385767       1.0656690      3.93348    0.0667311  -0.00941461
       4.7570289       1.0761332      4.05141    0.0675123   -0.0221142
       4.7755597       1.0191938      3.88744    0.0686537   -0.0154227
       4.7940250      0.98860821      3.63681    0.0485553  -0.00229123
       4.8125217       1.0144482      3.67508    0.0467051   -0.0220637
       4.8310506       1.0031921      3.76626    0.0528958   0.00212592
       4.8499519      0.98343719      3.78194    0.0325235   -0.0198004
       4.8684258      0.91031391      3.49179    0.0452349   0.00136569
       4.9023628      0.83899060      3.28018    0.0603638    0.0233270
       4.9208394      0.85113479      3.25370    0.0139241    0.0126819
       4.9393019      0.85110765      3.11988    0.0156442    0.0279161
       4.9578047      0.77430501      3.07330    0.0265703   0.00475848
       4.9763353      0.87890300      3.33481    0.0171322    0.0125695
       4.9947994      0.96402900      3.50347   0.00910068    0.0136643
       5.0133006      0.95161272      3.52952    0.0313749    0.0257451
       5.0317436      0.90595133      3.46606    0.0284656   0.00599045
       5.0502472      0.93800549      3.48057   0.00635803    0.0178960
       5.0687475      0.83737218      3.28313    0.0134668   0.00568971
       5.0876556      0.98756860      3.52521    0.0196702    0.0278182
       5.1061742      0.88642058      3.11522   0.00148195    0.0270344
       5.1246350      0.77789893      3.04024    0.0138911    0.0206991
       5.1431017      0.92899395      3.56178  -0.00524411    0.0224335
       5.1615569      0.90022268      3.37373   -0.0201710   0.00264552
       5.1800886      0.97234414      3.71638    0.0170804   0.00928849
       5.1985464      0.86425911      3.34611    0.0204035    0.0135306
       5.2170572      0.78038036      3.10957   -0.0334166    0.0152923
       5.2355869      0.88873988      3.31000    0.0237867    0.0157741
       5.2540611      0.97595834      3.42413  0.000417423    0.0149023
       5.2730003      0.94721521      3.37269   0.00825555   0.00807738
       5.2915142      0.79637873      3.16314    0.0155761    0.0385193
       5.3100428      0.84074328      3.15377 -0.000224523    0.0114973
       5.3285392      0.94582631      3.56903    0.0459918    0.0328285
       5.3470505      0.95915401      3.62250    0.0377102   0.00795120
       5.3655764      0.81690984      3.13380  -0.00994649    0.0256796
       5.3840867      0.81180067      3.30461    0.0345316    0.0226672
       5.4025544      0.91287201      3.60138    0.0172382    0.0294498
       5.4210469      0.91705675      3.64221    0.0394782    0.0230239
       5.4395681      0.90242947      3.46674    0.0299735    0.0279089
       5.4584469      0.93085276      3.63594    0.0376197    0.0217652
       5.4769458      0.90468682      3.37889    0.0126672    0.0209619
       5.4954567      0.90270014      3.43643    0.0289622    0.0267755
       5.5139731      0.82473030      3.19747   0.00433116   0.00321880
       5.5324680      0.86714127      3.26208    0.0355952    0.0362966
       5.5509978      0.87517563      3.25647    0.0196920    0.0220887
       5.5695000      0.76522648      3.00108    0.0321071    0.0156628
       5.5879669      0.86291290      3.10678    0.0390507   0.00379720
       5.6064855      0.73286548      3.11591    0.0192749    0.0345792
       5.6249889      0.85067559      3.24636    0.0371864    0.0287780
       5.6438380      0.88856482      3.30387    0.0148682    0.0441430
       5.6623644      0.82546820      3.34425    0.0412888    0.0190955
       5.6808164      0.80625712      3.05599   0.00161938    0.0137336
       5.6993028      0.82128761      3.06863    0.0323947    0.0356334
       5.7177736      0.85305396      3.24990    0.0353898    0.0333551
       5.7362947      0.82284205      3.16595    0.0298507    0.0193360
       5.7548233      0.83240975      3.26597    0.0203136    0.0237652
       5.7733000      0.81512263      2.98583    0.0246210   0.00845352
       5.7918161      0.89284191      3.29246    0.0493238    0.0342760
       5.8102714      0.87965054      3.49961    0.0204603    0.0267805
       5.8292456       1.0326180      3.86673    0.0402940    0.0268689
       5.8477164       1.0453423      3.92262    0.0569293    0.0301377