       0.0000000      0.96637301       1.0150638       1.0107119      0.95133443      0.94403860      0.97209775       1.0231554       1.0033622    -0.071458183    -0.075869739    -0.018473942
     0.018507220      0.99165870      0.91091688       1.0041804      0.97131445       1.0549041       1.0036372      0.97880848       1.0119729    0.0055009318    -0.037732497   -0.0067530298
     0.036954168      0.96226207      0.95830432      0.92427496      0.98780656      0.95623314      0.97214199      0.90443434      0.95973089    -0.030169129    -0.051405795    -0.019947158
     0.055461667      0.94625305       1.0676574       1.0088316       1.0551450       1.0681347       1.0867371       1.0490791      0.96478774      0.22044057    -0.013455058    0.0010959934
     0.073926944      0.93489285      0.93687815      0.93309423      0.99827920      0.98890854       1.0117553      0.93268713      0.93325671     -0.12710007    -0.064737380    -0.041194666
     0.092402782       1.0454969      0.96218286       1.0484371      0.96246611       1.0110151       1.0302674       1.1118296       1.0265421      0.17776679   -0.0027567865    0.0068947701
      0.11087111       1.0191248      0.99373048       1.0301116       1.0443590       1.0680786      0.93628132       1.0195603       1.0604376      0.13377927    -0.038223565    -0.020025233
      0.12931806      0.90068126      0.88607692      0.97956794      0.91415407      0.95104772      0.95859318      0.92808797      0.90740212     -0.32089129    -0.069678456    -0.043525167
      0.14783055      0.94771609      0.96236204      0.99855594      0.93626157      0.98879990      0.98665560      0.92661566      0.91983052    -0.036446139    -0.041948665    -0.017693846
      0.16630806       1.0886064       1.0532041       1.0859490       1.0378496       1.0114136       1.0242474       1.0074424      0.89688683     0.059122484    -0.049870670    -0.010266438
      0.18641889      0.84326766      0.96313087      0.92903731      0.92884458      0.97271881      0.90154601      0.88343821      0.83821345     -0.22640195    -0.066522248    -0.026836712
      0.20493112      0.99952519       1.0599532       1.0668271       1.0673719       1.0366486      0.99185038       1.0247912       1.0168924     0.062134229    -0.028742393   -0.0010266684
      0.22338222       1.0514839      0.97795965       1.0526344      0.94691510      0.96228189      0.98910620       1.0474083      0.96889768    0.0021000484    -0.031848669    -0.028002609
      0.24187972      0.99808247       1.0271807       1.0543597      0.98686753      0.94221075      0.99988531       1.0589409      0.99053091     0.094937056    -0.044766866   -0.0058808047
      0.26037723      0.92165124      0.87757527       1.0341231      0.97322885      0.96949592       1.0232120      0.90094564      0.92695435     -0.10831846    -0.026809756    -0.014981408
      0.27881584       1.0014167      0.95529881      0.99437169      0.93321833      0.99786465       1.0412494      0.94178687      0.88557142    -0.011024588    -0.031184958   -0.0078260396
      0.29732195      0.96538452      0.99409818      0.98174233      0.99892270       1.0742909      0.94353708       1.0509727      0.98156761     0.061133843    -0.017483668    0.0072202841
      0.31578834      0.95084628      0.95390643      0.98306077      0.89673287      0.93493786       1.0055331      0.96675761      0.87690963     -0.12131076    -0.030753808    -0.014537629
      0.33425640       1.0352889      0.95031366      0.99394491      0.95499876      0.96448161       1.0591539      0.96255776      0.94473609     0.034188919    -0.026675787   -0.0062994468
      0.35274333      0.99439648       1.0850495       1.0424059       1.0438180       1.1486031       1.0317627       1.0623117      0.98669556      0.20384932   -0.0029087332    0.0041594319
      0.37231278       1.0206461      0.97061054      0.95737888      0.90093008      0.98657775      0.99779093      0.96064729      0.87620796    -0.079123482   -0.0034487399    0.0049170237
      0.39078861       1.0078971       1.0296931       1.0622189       1.0196876       1.0912988       1.0160415       1.0290626      0.98106192     0.059220091    -0.012967587    0.0014714060
      0.40928639      0.90478159       1.0024311      0.98891341      0.95767816       1.0224631      0.99178604      0.93057899       1.0309126   -0.0072074798    -0.023259947    0.0030728020
      0.42775473      0.91849428      0.96069304       1.0217018       1.0112933       1.0736298       1.0057296       1.0377597       1.0221832      0.10789039    0.0068751988     0.015266404
      0.44620000      0.92311910      0.95382479      0.97361328      0.94078913       1.0018887      0.93661164      0.97315396      0.96027126     -0.12809528    -0.014250316    0.0036443518
      0.46469278      0.96872354      0.98860094      0.95073869      0.99954869      0.97601117      0.98416209      0.87492213      0.98425603    -0.038420655   -0.0076007177    0.0039045624
      0.48320278      0.94771754      0.92205454      0.96865449      0.94699331      0.97663085      0.94412992      0.96389884      0.98557921    -0.034857988   -0.0089456420   -0.0080452189
      0.50166361       1.0187267       1.0369527      0.99184014      0.98786117       1.0091333      0.92789433      0.98672018      0.97635913    -0.020737255    -0.015278265   -0.0071960026
      0.52014111      0.94164018      0.98179992      0.93514440      0.92316860       1.0129354      0.92221082      0.89174827      0.91732418     -0.17451529    -0.037421931    -0.020465372
      0.53862305       1.0423820       1.0684950       1.0084124      0.98135678       1.0520644      0.98640752       1.0420088       1.1119017      0.23114251     0.015192781     0.011134007
      0.55818417      0.97305856       1.0007239       1.0319989       1.0125537       1.0291210      0.99413979       1.0400157       1.0644797      0.15820651    -0.018840037     0.015796211
      0.57665417      0.95005091      0.95701823       1.0313824       1.0343160       1.0591733      0.95600748      0.95225419      0.93944591    -0.061878126    -0.035108808   6.9793779e-05
      0.59516889      0.96960767       1.0387819       1.0161891       1.0627471       1.1386050      0.99591929       1.0855269      0.96626534      0.12091692    -0.018147413   0.00019878894
      0.61366334      0.96548719      0.87240586      0.92187403      0.98357531      0.94754683      0.88269441      0.93771596      0.97244188     -0.24299261    -0.047609635    0.0013980428
      0.63210917      0.97040707      0.95279833      0.98308547       1.0888195       1.0046409       1.0546970       1.0768656      0.96116525      0.11192146    -0.021516159   -0.0054709320
      0.65057306       1.0262694       1.0150469       1.0002269       1.0330397       1.0092758      0.96366023       1.0360500      0.96515427   -0.0046438808    -0.023414426    0.0027793550
      0.66902111      0.89005247      0.96455597      0.95902917       1.0277438       1.0153537       1.0319294      0.99441076      0.94293012     -0.11206849    -0.033822428    0.0052969605
      0.68748166      0.94545633      0.99887830      0.98922017       1.0019791       1.0257377       1.0258777      0.98322311       1.0227953    -0.026982101    -0.026322974   -0.0060250866
      0.70596500       1.0421880       1.0270509       1.0859814       1.0208791       1.0796823       1.0224451       1.0840502       1.0161068      0.13190925    -0.019788677    0.0069412021
      0.72448750       1.0503126       1.0315026       1.0550025       1.1477989       1.0505641       1.0534307      0.94488888       1.1260035      0.15785564    -0.013560619   0.00087871170
      0.74483972       1.0620816       1.0308913       1.0182711       1.0769442       1.0522871       1.0156767       1.2145429       1.1036606      0.15566757    0.0037930235     0.025545165
      0.76335084      0.98159115       1.0122479       1.0048083      0.99869961      0.99485061      0.99260131      0.99922558       1.0030521    -0.019272326   -0.0067605339     0.013493234
      0.78182695      0.94494745      0.98048877      0.91516553       1.0255820       1.0089855      0.98043105      0.96966323      0.99687068    -0.019324131   -0.0097687831    0.0052067987
      0.80031806      0.97684038       1.0140546       1.0071018       1.0212433       1.1050851      0.95554496       1.0755089       1.0028497      0.11004155     0.025845390     0.010255901
      0.81882390      0.91968790      0.95849364      0.92670229      0.94207482      0.95136522      0.94854037      0.91077040      0.91638838     -0.22627717    -0.014559615   -0.0074275592
      0.83728723       1.0801577      0.98980917       1.0460824       1.0116480       1.0440192       1.0636323       1.0414467       1.0503915      0.13136832    0.0060778582     0.014710259
      0.85576167       1.0145981      0.99020104      0.99641325       1.0756568      0.95979924      0.97892358      0.96804772       1.0494403     0.050484836    0.0053946227    -0.013678541
      0.87422973      0.97157555       1.0285296      0.94872073      0.99095064       1.0879801       1.0414463      0.99472493       1.0570844     0.093226224     0.013853830     0.010069301
      0.89269695       1.0712829       1.0803848       1.0207450       1.1466220       1.1049896       1.1097874       1.0147283       1.0013118      0.21556878     0.015357004    0.0039147837
      0.91114583      0.97841596       1.0659223       1.0248282       1.0693413       1.0176722       1.0592726       1.0587611       1.0746748      0.28381163     0.019032478     0.014179269
      0.93081639       1.1293459       1.0775325       1.0847978       1.1147722       1.1039171       1.0682654       1.1041291       1.1804218      0.36343682     0.026492912     0.032460485
      0.94933306       1.1139739       1.1100651       1.1522381       1.1046842       1.1427036       1.0349838       1.0600111       1.0597229      0.37076220     0.026829764     0.016876914
      0.97925973       1.1240767       1.0647936       1.1194468       1.1283632       1.0453451       1.1127317       1.0402354       1.0232169      0.32473373   -0.0048887436     0.019811027
      0.99773528      0.90133575      0.92601244      0.91604098      0.99632999      0.98629581      0.87185670      0.93801042       1.0169214     -0.12316906    -0.011188129    -0.025041973
       1.0162025       1.1029577       1.0863400       1.1441926       1.0576124       1.0945013       1.1290744      0.96343975       1.1439747      0.39611638     0.012466404     0.010690756
       1.0346922      0.99548203       1.0891290       1.0728541       1.0417015       1.0371550       1.0650595       1.1200709       1.0972876      0.34588534  -0.00067976303    0.0084976032
       1.0531467       1.1073575       1.1232233       1.1079226       1.0558809       1.1726291       1.0981388       1.1050890       1.0973172      0.41145629     0.013741460    0.0089100469
       1.0716597       1.0988372       1.0736380       1.0944951       1.0673887       1.0735022       1.1490534       1.0901434       1.0883611      0.39366823    0.0027239770    0.0048857946
       1.0901186       1.0321775       1.0210399       1.0241754      0.95801296       1.0214139      0.99967522       1.0342961       1.0170030     0.081170008   -0.0055790767   -0.0044407272
       1.1085986       1.1032243       1.1105348       1.0970040       1.0687953       1.0883507       1.1423546       1.1238531       1.1282267      0.39038122     0.010338468   -0.0023055058
       1.1270633       1.0572100       1.0378072       1.1219140       1.1281331       1.0689036       1.0550653       1.0444858       1.0279259      0.32465971    0.0096399244    0.0059648175
       1.1455583       1.0275891       1.0788564       1.0482860       1.0700773       1.1059568       1.0421818       1.0747625       1.1210685      0.28383565    0.0086213844     0.017256755
       1.1651092       1.0996265       1.0313499       1.0793869       1.1324330       1.0316653       1.0709855       1.0392428       1.0841749      0.21936089   -0.0073231668     0.026859537
       1.1836170       1.2049964       1.1084003       1.1616346       1.0671036       1.1088281       1.0828342       1.1231099       1.0869115      0.35692748    0.0094197616    0.0082729235
       1.2020739       1.0716071       1.0487056       1.1006684       1.0366306       1.0749842       1.0599684       1.0582337       1.0542594      0.25060776   -0.0037382282   -0.0021145111
       1.2205731       1.1381731       1.1057388       1.1281840       1.1424372       1.0993602       1.0398250       1.0998407       1.0949780      0.39723006    -0.011601154    0.0086304620
       1.2390217       1.0841268       1.0774927       1.0724585       1.0604068       1.0616934       1.0072254       1.0460182       1.0659346      0.12560034  -0.00099959783   0.00045797881
       1.2575000      0.99694866       1.0907501       1.0887445       1.1697539       1.0570722       1.0210881       1.0202967       1.0739120      0.30064443  -0.00013826694    0.0090187769
       1.2759733       1.0764862       1.0560944       1.0738155       1.0829675       1.1071006       1.0340497       1.1249866       1.0668870      0.30423802     0.010741783    0.0078694997
       1.2944672       1.0446039       1.0301865       1.0786884       1.1441003       1.1191171       1.0533207       1.0163995       1.0465291      0.36298621   -0.0021292586    0.0087114554
       1.3129089       1.0494360       1.0265447       1.0702128       1.1189804       1.1049384       1.1376333       1.0530168       1.0797512      0.29915354     0.013731282    0.0063723214
       1.3313772       1.0850304       1.0419734       1.1053207       1.1079764       1.0877938       1.1476827       1.1584686       1.1521050      0.34920925   -0.0012419531     0.017070092
       1.3509056       1.0752902       1.0531884       1.0542326      0.97479409       1.0112630      0.98759375       1.0934226       1.0795413      0.19926472   -0.0028598271     0.028107442
       1.3694189       1.0640028       1.0251638      0.99541148      0.99817184      0.99281062      0.96122488       1.0597285       1.0482190     0.051151093   -0.0070189489   -0.0098841591
       1.3879383       1.0913618       1.0758485      0.99184714       1.0171710      0.97567803       1.0550556       1.0162153      0.95957889      0.11402571    0.0028391199    0.0028984728
       1.4064458      0.96685743      0.98155859      0.98206529      0.99648989      0.99798740       1.1473052       1.0352257       1.0154025      0.10223335    0.0083497213   -0.0081758201
       1.4249092      0.94966209      0.99208732      0.97906765      0.94534235      0.92675864      0.99526162      0.93062242      0.95335619    -0.075805962    0.0022905483     0.012199913
       1.4433589      0.93424959      0.96583211      0.98650888      0.95656389      0.98895733       1.0005772      0.99537769       1.0209499    0.0065555940    0.0046962057    0.0060010417
       1.4618253      0.97654256      0.99174526      0.90835291      0.96038562      0.94330427      0.91280648      0.93752166      0.87099161     -0.18348709     0.013879763     0.020569706
       1.4803392      0.92104012      0.99186140       1.0133684       1.0179447      0.93933107       1.0139527       1.0027936       1.0363528    -0.036318693    0.0015786006   -0.0088847829
       1.4988000      0.92705313      0.96762840      0.94376384      0.97624903      0.98996015      0.98006513      0.97244079      0.94073348     -0.13686877     0.011905337     0.018715952
       1.5173022      0.91703534      0.90781064      0.88750608      0.99185063      0.91391730      0.91615798      0.87662658      0.93130941     -0.36431742    -0.010035479    0.0056161173
       1.5368017      0.92614403      0.91560412      0.94350109      0.94558318      0.94183844      0.97903574      0.97267439      0.92593194     -0.16148612    -0.019437106    0.0030784798
       1.5552958      0.97324472       1.0161607      0.90666291      0.98913305       1.0515028      0.99097499      0.92520365      0.85746702     -0.13772205    -0.017611722   -0.0073227086
       1.5738119      0.91043989      0.94687232      0.88636438      0.89268658       1.0285180      0.86631062      0.88337850      0.91228619     -0.27063602    -0.026891727   -0.0095100896
       1.5923189      0.94749536      0.94734692       1.0121778      0.95790419       1.0026198      0.95534785      0.92754082      0.95708620    -0.024482550    -0.028437600    0.0096326293
       1.6108106       1.0689198      0.94739426      0.92996137      0.94622515       1.0232245      0.96076337      0.94081176      0.92336536    -0.088935614    -0.015168758    -0.011510339
       1.6292461      0.93114308      0.97087931      0.96913208      0.97692135      0.98579571      0.99925416      0.95698311      0.96523989    -0.077572979   -0.0085419072    0.0024764002
       1.6477172      0.98741053       1.0270281      0.91180513       1.0325274      0.97962596      0.93581136      0.93758227       1.0090131    -0.016590510   0.00012969607   -0.0019020083
       1.6662161       1.0914243       1.0865890       1.0303814       1.0224639       1.0848625       1.0496051       1.1430759       1.0053147      0.20639724   -0.0024026851     0.011928425
       1.6846747       1.0716984       1.0546692       1.0403469       1.1058246      0.98824893       1.1394656       1.0518073       1.1037842      0.24261290     0.016960882    0.0010787519
       1.7031767       1.0333658       1.0665225       1.0065793       1.0552708       1.0547410      0.96162142       1.0043446       1.1138934      0.18679981    0.0080580832     0.014756978
       1.7236047       1.1390066       1.0320233       1.1278851       1.0543328       1.0517930       1.0962082       1.1273303       1.0562355      0.30781728    0.0047986349     0.011939554
       1.7420639       1.0892256       1.0947661       1.0918817       1.1632631       1.0637533       1.0279659       1.0664809       1.0792027      0.38167742     0.024720270   0.00078099594
       1.7605189       1.0104435       1.0418712       1.1087459       1.0265377       1.1004936       1.0661739       1.1234622       1.1263010      0.37183911     0.011462314    0.0037774667
       1.7789908       1.0037425       1.0772549       1.0261672       1.0641268       1.0089469       1.0004612       1.0435275       1.0148768      0.21169358     0.010765338   0.00020516617
       1.7974619       1.1209456       1.1857526       1.0398860       1.0518707      0.99052797      0.96407984       1.0704354       1.0802061      0.23323414     0.014889954   -0.0064403536
       1.8159770       1.1044598       1.1218726       1.1037624       1.0441601       1.1490414       1.0377269       1.1008796       1.0864356      0.29763395     0.016419180     0.011815716
       1.8344961       1.1044102       1.0861651       1.0077071       1.0645448       1.1059652       1.0883588       1.0913555       1.1261842      0.33457914     0.015924457    0.0024793856
       1.8529614      0.99549584       1.0240289       1.0781759       1.0256093       1.0929945       1.0777453      0.99581954      0.94288514      0.15879995     0.010775850   -0.0032125195
       1.8714933       1.0364695       1.0504874       1.0005996       1.0497655       1.0008768       1.0895464      0.92759078       1.0188210      0.18858904    0.0082059801    0.0010203486
       1.8900036       1.0582760       1.0328221       1.0634689       1.0384799       1.0211128       1.0616460       1.1285103       1.0795294      0.13638559   0.00085868547    -0.010617992
       1.9095400       1.1069465       1.0747692       1.0546987       1.0249697       1.0336221       1.0708458       1.0737004       1.0200090      0.23109753    0.0034124190     0.019574534
       1.9280669       1.0717644       1.0040583       1.0304495       1.0218445       1.0082700      0.96087358       1.0655691       1.0043756      0.20495497    0.0040424806   -0.0079636620
       1.9578445      0.98818682      0.99850324       1.0262009       1.0562884      0.96663527      0.93919576      0.98361304       1.0665921     0.077023827     0.012579646   -0.0036796145
       1.9763128      0.95777814      0.97988908      0.98351015       1.0728345       1.0650976       1.0704175       1.0012330       1.0252562     0.098728165    0.0052823513    0.0056966865
       1.9947831       1.0286304       1.0358683       1.0766857       1.0605252       1.0541144       1.0644070       1.0210449       1.0285921      0.14894713    0.0077503975   -0.0065637827
       2.0132370       1.0593700      0.96698645       1.0316875      0.98288591      0.98861741       1.0295136       1.0540613       1.0140189     0.088385493    0.0096834525   -0.0014805156
       2.0316883       1.0391024       1.0279548       1.1137588      0.99688887      0.94723338       1.0270433      0.97920545       1.0542486     0.078446552    0.0094507849    -0.012356472
       2.0501886      0.97586872       1.0048397       1.0116666       1.0157734       1.0019040       1.0476581      0.93436419       1.0230930     0.012500709     0.011643199    0.0040055336
       2.0686375       1.0540733       1.0735994       1.0412125       1.0552244       1.0292035       1.0559961       1.0155263       1.0422290      0.17340510     0.015295515   -0.0092585497
       2.0871417       1.0195627       1.0081783       1.0246670       1.0204386       1.0665763       1.0508691      0.99175802       1.0043604      0.11430438     0.024199801     0.015041983
       2.1056061      0.94619694       1.0131490       1.0007015      0.99235076       1.0418764      0.97604953       1.0284092       1.0000032     0.039613370     0.014302704    0.0042530266
       2.1240833       1.0610059       1.0214549       1.0857928       1.0935201       1.0406361       1.0116639       1.0834623       1.0666534      0.14420190     0.018703042    0.0056562740
       2.1436106       1.0082253       1.0292535       1.0476847       1.0044431       1.0175316       1.0906011       1.0684373       1.0719860      0.11372247     0.014308776     0.025124362
       2.1620725       1.0763576       1.0076049       1.0428390       1.0004587       1.0079069       1.0700709       1.0041763      0.99278134     0.040763285     0.014854022     0.017214442
       2.1805247       1.0090862      0.97989704      0.92762035       1.0196464       1.0381268       1.0044914       1.0306635       1.0767226     0.038592249    0.0071164803    -0.013806187
       2.1989761      0.96476903      0.96260228       1.0348162       1.0361858       1.0120573      0.95612639      0.95220062      0.95259528   0.00040439740     0.015478776    0.0064003072
       2.2174461      0.97875765      0.97491855      0.96621085       1.0317441       1.0162131      0.99197685       1.0349361       1.0390905    -0.011765197    0.0017124796   -0.0042081969
       2.2359156       1.1034472       1.0016315      0.98874628       1.0198612      0.99675691       1.0189748      0.99121810       1.0336574   0.00018519093     0.017293898    0.0086966837
       2.2543894       1.0087542       1.0079428      0.99939219       1.0540783      0.98144757       1.0415722      0.92583840      0.99897916     0.049323011     0.016661547   0.00080418313
       2.2728447       1.0100937       1.0174690       1.0052579      0.98642928      0.98598334      0.94881164       1.0590890       1.0319710     0.089713939     0.018081198    0.0080918577
       2.2913361       1.0221723       1.0667052       1.0365115       1.0251985      0.97841735       1.1378471       1.0961652       1.0629720     0.099812821     0.012228538   -0.0031762428
       2.3097967       1.0196815       1.0220851       1.0361418       1.0259777       1.0187178      0.98814014       1.0304158       1.0854184      0.10749426    0.0095815957    0.0028182382
       2.3293239       1.0405469       1.0636376       1.0129992       1.0992073      0.96954614       1.0823696       1.0964085       1.0528865      0.16998538    0.0075783627  -0.00026084902
       2.3478406      0.93814283      0.98068476       1.0015851       1.0302247       1.0145720      0.99464037       1.0332401       1.0202019     0.041779798    0.0056161401   0.00060461659
       2.3663789       1.0059365      0.96187929      0.99782511       1.0070220       1.0029666      0.96870894      0.98839470       1.0769953     0.080695197     0.011582836  -0.00062638801
       2.3849081       1.0260079       1.0562918       1.0722045       1.0115787       1.0897891       1.0965109       1.0526363       1.0212204      0.19808021     0.018151019     0.010456824
       2.4033692       1.0506435       1.0143056       1.0789670       1.0012874      0.99266106      0.99705234      0.96745886      0.97995830    -0.010032138     0.021610048   -0.0045360876
       2.4218964       1.0852300       1.0545469       1.0314329       1.0268301       1.0578772       1.0839634       1.0066725       1.0411209     0.073971681     0.017535338   -0.0026618466
       2.4403836       1.0766506       1.0458980       1.0132347      0.97186081       1.0184928       1.0812830       1.0218883       1.0992745      0.11557331     0.010053560    0.0086149201
       2.4588858       1.0121088      0.95904312       1.0113016      0.94610616       1.0835563       1.0499605       1.0253470       1.0043229     0.031986512     0.023963336    0.0049979109
       2.4773842       1.0207842       1.0521238      0.97415277      0.99855559      0.98387727       1.0166596      0.96129333      0.96819136    -0.036406964     0.023417464     0.014637946
       2.4958550       1.0315933       1.0218844      0.99727651       1.0181595      0.95066534       1.0116404      0.96190678       1.0050673     0.047287539     0.020112563   -0.0019723675
       2.5163956       1.0365679       1.0216533      0.99360785       1.0221188       1.0194957       1.0069362      0.97732021      0.98910387    -0.022630345     0.015885025     0.020991910
       2.5349272      0.99029396       1.0109862       1.0221989       1.0147069      0.99354890       1.0645868       1.0020886       1.0383776     0.055907860    0.0016286457   -0.0040940060
       2.5534439       1.0325422       1.0459912       1.0065447       1.0073847      0.99224215      0.95979094      0.98220191       1.0182784     0.019407708     0.026675986    -0.011528991
       2.5719647      0.98345535       1.0295312      0.99173052       1.0655960       1.0316783       1.0973272      0.98969229      0.99155661      0.13572711     0.019076671     0.011336925
       2.5904481       1.0080113      0.99721844      0.98800285      0.99818131       1.0035156       1.0050363       1.0475317       1.0498416     0.056449190     0.024749102     0.010529513
       2.6089208       1.0299123      0.99486055       1.0747356       1.0414509       1.1252557       1.0458851       1.0515214       1.0051190     0.077954493     0.023000099    -0.012724785
       2.6273778      0.98054196       1.0181014       1.0815006      0.98360359       1.0211284       1.0874914      0.97032733      0.99216491     0.061265446     0.027468761   -0.0054455232
       2.6458533       1.0283599      0.98410531       1.0290645       1.0154598       1.0186659      0.99735657      0.97277113      0.98939186     0.011416603     0.016330406   -0.0058040186
       2.6643183       1.0220665       1.0640759       1.0105566       1.0307054      0.97735436       1.0350310       1.0554345      0.99621492     0.057712037     0.019220883   -0.0060024993
       2.6828195       1.0079159       1.0213780       1.0819220       1.0271173       1.0435608      0.97240293      0.96961796      0.98080216     0.060019966     0.025843294     0.010043764
       2.7023008       1.0714106       1.0027927       1.0377117       1.0209311       1.0495765       1.0803754       1.0500472       1.0529052      0.12938266    -0.016191330     0.023266165
       2.7208064       1.0616879       1.0502957       1.0176892       1.0487108       1.0242079       1.1524510       1.0401989       1.0700669      0.13064648   -0.0078250123     0.012327796
       2.7393347       1.0623125       1.0586445       1.0893440       1.1041379       1.0284362       1.0792842       1.0354970       1.0647214      0.16408090   -0.0096572768   -0.0012325584
       2.7578369       1.0444018       1.0609879       1.0639769       1.0139772       1.0081086       1.1184795       1.0195281       1.0430717      0.16126277   -0.0027071259    0.0067821406
       2.7762864       1.0170173       1.0576360       1.0722231       1.0530688       1.0500826       1.0152513       1.0759872      0.99580440      0.14891616   -0.0016834892    0.0054266052
       2.7947842       1.0140286       1.0130395       1.0800906       1.0931690       1.0450224       1.0994190       1.0341064       1.0836365      0.17140588  -0.00072927773    0.0075057382
       2.8132350       1.1883916       1.0513122       1.0891893       1.0638918       1.0263746       1.0442937       1.0420077       1.0502926      0.24946971    0.0049248594    0.0079022376
       2.8317233       1.0677566       1.0988156       1.0933051       1.1675912       1.0688611       1.0736886       1.1070242       1.0685141      0.21933423   -0.0025639678     0.015032983
       2.8501897       1.0098021       1.0116389       1.1171624       1.0387788      0.97593634       1.0834865       1.0156683       1.0822552      0.22040255   -0.0094919270    0.0078424234
       2.8686917       1.1033927       1.0484473       1.0562952       1.0300697      0.97217594       1.0421019       1.0699345       1.0892524      0.15813413    -0.018569358   -0.0088186795
       2.8895808       1.0582240       1.0856744       1.1112728       1.1112165       1.0335164       1.0993023       1.0372812       1.0876587      0.23287103    0.0096569546    0.0075465804
       2.9081161       1.0485532       1.0727982       1.0693291       1.0293416       1.1011458       1.0948521       1.0560012       1.1161878      0.22133848    0.0095664635  -1.8658582e-05
       2.9373992       1.0447800       1.0903921       1.0488167      0.99351343       1.0749298       1.0779322       1.0081136       1.0194888      0.13658899    0.0022418112     0.022950560
       2.9559278       1.1061801       1.0951629       1.0880141       1.0544062      0.96934921       1.0621367       1.0714657       1.1223931      0.27457032     0.021214187     0.030904979
       2.9743792       1.1107248       1.1596357       1.0602353       1.0688219       1.0078923       1.0580921       1.1132786       1.1567952      0.24446028     0.023655638     0.032897219
       2.9928758       1.1074346       1.0512551       1.0835431       1.0789670       1.0762460       1.0694941       1.0529301       1.0330675      0.21989201  -0.00035826722     0.011851136
       3.0113347       1.0298460       1.0036091       1.0846525       1.0258882       1.0054294       1.0585478       1.0761816       1.0409507      0.13909329     0.025852807     0.023747917
       3.0298428       1.0005882       1.0079890       1.0341531       1.0256723      0.95587111      0.97031226      0.97311110       1.0208781   -0.0087442417     0.020104790     0.043562613
       3.0483450       1.0028469       1.0323410      0.98361617      0.94626758       1.0089614      0.95432098       1.0126290      0.96499291   -0.0072157942    0.0093365489     0.038837902
       3.0667989       1.0017838      0.94590224       1.0594485       1.0153200       1.0106937      0.98233098       1.0311362       1.0621610    -0.021063905     0.013076074     0.038272016
       3.0852575       1.0736111       1.0246722       1.0127408       1.0046910      0.99449176      0.99057196       1.0151553       1.0322175     0.039383281    0.0088776145     0.017415736
       3.1037303       1.0155156       1.0706330       1.0283195       1.0156810       1.0177950       1.0007519      0.98874989      0.98684675     0.063703790     0.011569914     0.032268289
       3.1232592      0.98208893       1.0159537      0.95540742      0.98067369      0.94039887      0.98656278       1.0978678      0.96201345    -0.031485759     0.025768625     0.018326283
       3.1417986      0.96640398       1.0215883      0.96139459      0.96605126       1.0482871      0.94940624      0.98456475       1.0015334    -0.035112642     0.012086032     0.014375594
       3.1602506      0.97049909       1.0226653      0.99411994       1.0195707      0.98368942      0.97070421       1.0028912      0.97805691    -0.052644074     0.011308894     0.021813869
       3.1787636       1.0180753       1.0068157       1.0004329       1.0084782       1.0033401       1.0617940       1.0427615      0.98692914      0.12231236     0.016775195     0.018720938
       3.1972719      0.98875945       1.0241413      0.97863378      0.94288007      0.99211830       1.0175218      0.98286906      0.95493845    -0.022319587    0.0090997927     0.024300955
       3.2157183       1.0196116      0.98141759       1.0005693       1.0195888      0.95062760      0.95534426      0.92819047      0.98185901    -0.012173174    0.0090218130     0.019099774
       3.2342269      0.98703742      0.99668040      0.98219071      0.94866547      0.95293027      0.99609995       1.0424212       1.0385766    -0.039655618    0.0028338318     0.026460391
       3.2526920      0.95673231       1.0457966       1.0143917      0.96849386       1.0543404       1.0324569       1.0342242       1.0176109     0.024423527    0.0091839908     0.020183446
       3.2712203      0.96723290       1.0823249      0.99600728       1.0374511       1.0206807      0.98334745      0.99505103       1.0042867    -0.016088162     0.017253259     0.019765567
       3.2897231       1.0030515       1.0620756      0.98490670      0.99115035       1.0107627      0.94794526      0.96616799      0.97324151    -0.059111662    -0.010523395     0.025908891
       3.3099344      0.88115076      0.88215433      0.89247627      0.90391546      0.92358870      0.86602404      0.89860003      0.92815767     -0.42267990    -0.025358371     0.020507047
       3.3284094      0.94921885      0.98789347      0.95530831      0.99018836      0.90932114      0.95003057      0.96830782      0.96661704     -0.13401110   -0.0051082014    0.0024801623
       3.3468728      0.99416869      0.92594850      0.92020853      0.97723625       1.0002492      0.95426307      0.94590545      0.94620929    -0.084974982   -0.0045477659   -0.0020041582
       3.3653989      0.96070163       1.0300496      0.96823482       1.0232364      0.91860076       1.0053112       1.0187580      0.94488989    -0.025900874   3.5014120e-05    0.0040638028
       3.3839239       1.0005982       1.0038362       1.0187570      0.99849631      0.94699268      0.95295768      0.98660544      0.99374835    0.0016267260    0.0084021389     0.011482899
       3.4024408       1.0193860      0.95766754      0.97190217      0.92426308      0.99200299       1.0320263      0.99890665      0.98715843    -0.075147673   -0.0019192824    0.0052223075
       3.4209083       1.0188105       1.0287857      0.99315767      0.98018443      0.94488289      0.95049013       1.0314506       1.0258356     0.076484770    0.0036717486     0.015988102
       3.4394053      0.94062746       1.0126780      0.96733716       1.0055210      0.94367308       1.0165792       1.0210560       1.0770776     0.029013447    0.0060927547     0.018754849
       3.4579361       1.0330820       1.0827861      0.98906164       1.0285516       1.0748802       1.0061436       1.0497118       1.0498395     0.086390153   -0.0028522301    0.0016990071
       3.4763967       1.0206403       1.0159037      0.95821442       1.0448634      0.96655453       1.0999497      0.94498542       1.0104959     0.023102930     0.017417666     0.018961249
       3.4960200       1.0423787      0.99722819      0.96691018      0.94410180      0.99128123      0.98335690       1.0194131       1.0448090    -0.036701955    -0.011320107    -0.016478769
       3.5144883      0.99766773      0.95806249       1.0029096       1.0050170      0.99522785       1.0040450      0.99579805      0.94558300    -0.062139038   0.00031723751   -0.0047806362
       3.5330186      0.94652618       1.0177474      0.96091441      0.98285132      0.94208034       1.0146790      0.96706037       1.0728181    -0.023028256    0.0083986204    -0.014077447
       3.5515483       1.0327558       1.0258667       1.0017520       1.0151329       1.0336372       1.0105117       1.0116952       1.0662793     0.027669113  -0.00012264201   -0.0071834424
       3.5700545      0.97124946       1.0490462       1.0317216      0.96662808      0.93063644       1.0909777       1.0307456       1.0038489   -0.0093374588    0.0029306132    -0.017086590
       3.5885408      0.93924258       1.0728160      0.99619452       1.0030221      0.98316843       1.0330964      0.99145335       1.0061280     0.044691451    0.0071608946   -0.0040776506
       3.6070144      0.99243365      0.92704328       1.0132181      0.93185835      0.98295311      0.95922395      0.96868165       1.0058468     -0.10992676    -0.010442169   -0.0038893572
       3.6255175       1.0940944       1.0408510       1.0397239       1.0169590       1.0616033       1.0825890      0.99234206       1.0529162      0.16234180   0.00028545083    -0.010954211
       3.6439567       1.1478561       1.0673653       1.0768828       1.1063030       1.0792168       1.0356639       1.0870716       1.0755657      0.23961769     0.012771059   -0.0068978500
       3.6624742       1.0409382       1.0321234       1.0308660       1.0480119       1.0072930       1.0600360       1.0227548       1.0241731      0.14704922    0.0054352516    0.0017846338
       3.6828444      0.93386347      0.98319180       1.0094886      0.91165904       1.0127932      0.97427494      0.93902351       1.0283567     -0.14265974    -0.043971535     0.048357978
       3.7013686      0.96911292      0.95898654       1.0454872      0.91462201      0.94999457      0.99833385       1.0054314      0.97485591     -0.10922882    -0.041649375     0.024059664
       3.7198958      0.84361502      0.93935676      0.98757177      0.90410483      0.99294115       1.0097494      0.97097806      0.95297291     -0.19870834    -0.038553387     0.020494189
       3.7384067      0.91963487      0.95402515      0.93755023      0.92307843      0.98572547      0.87292390      0.98293549      0.97431889     -0.19144146    -0.049693741     0.023165260
       3.7569381      0.99640993       1.0068261      0.92631732      0.92564003      0.96927787      0.99320769      0.96874872      0.95814925     -0.11913688    -0.037389837     0.019964764
       3.7754578       1.0022972      0.97071902      0.94108366       1.0181195      0.89511692       1.0170586      0.99810346       1.0016031     -0.18427673    -0.063984364     0.010019169
       3.7939067      0.94327165      0.99503635       1.0119270      0.92490821      0.99522719      0.96341152      0.95297002      0.92006875     -0.14888893    -0.054690555    0.0068777534
       3.8124325      0.99997842       1.0151410      0.99851353      0.98177631       1.0258402      0.93596360       1.0285514       1.0353312    -0.026443826    -0.031611260     0.034761287
       3.8309581      0.99887862       1.0094452       1.0034295      0.98196797       1.0101770      0.92630210      0.96008043      0.88513162    -0.072806485    -0.044971205     0.023828112
       3.8494475      0.91223738      0.94706821      0.97663992      0.95668550       1.0091151      0.99963288       1.0057094      0.96579434     -0.16752639    -0.043823380    0.0062546981
       3.8689550      0.88233652      0.91891510      0.91164670      0.88971812      0.93110776      0.97190039       1.0402245      0.87292600     -0.26626956   -0.0098970151   -0.0020087352
       3.8874228       1.0035805       1.0675042      0.99285042       1.0039951       1.0263597       1.0322345       1.1060904       1.0009780     0.075880893   0.00029728399    0.0029382962
       3.9161928       1.0145091      0.98648647      0.95462608       1.0252438       1.0207840      0.94579757      0.93284757       1.0573758  -0.00040745357   0.00091929117     0.014807648
       3.9346775      0.99965312       1.0331315      0.99397652       1.0015787       1.0326724       1.1167288       1.0634885       1.0352714     0.082108140     0.020694466   -0.0016022953
       3.9531492      0.96293187      0.98269473       1.0052989       1.0019996      0.97915956       1.0196899       1.0149711       1.0074610    -0.026939068     0.028311871   -0.0053434474
       3.9716747       1.0502628      0.99740349      0.99176362       1.0185622      0.99094284      0.98097448      0.93618204      0.96430154     0.028164703    0.0091843102    0.0029511463
       3.9901467       1.0552284      0.96516381       1.0335321      0.99515438       1.0331646       1.0445127      0.98670649       1.0475230   -0.0062379832    0.0068948348    0.0085473964
       4.0086389       1.0380466      0.99123397      0.96917398      0.99470003       1.0115005      0.98893877      0.99368434       1.0879196     0.048996802     0.022104722    0.0048420979
       4.0271031       1.0042938       1.0882948       1.0566673       1.0373197      0.99110804       1.0426993       1.0249923      0.97963817     0.033327360     0.014042964   -0.0085999016
       4.0456203      0.93286589       1.0214932      0.98343993      0.97471827      0.98303604      0.92056352       1.0699347      0.99119349     -0.11857256     0.010689264   -0.0036211698
       4.0641425      0.94557943      0.89858579      0.97894053      0.96138013      0.96601997      0.91452146       1.0014837       1.0152945     -0.19130912    0.0023884813   0.00054048793
       4.0826847      0.95398320      0.95308241      0.97801657       1.0152370       1.0331458      0.99945808      0.96469632      0.94328740     -0.12980422   -0.0029115260    0.0046370057
       4.1028061      0.96180368      0.98853094      0.99548969      0.99171792      0.98504628      0.98702631       1.0222301       1.0002350   -0.0094330963   -0.0012896649     0.012878555
       4.1212758       1.0201926      0.93186247       1.0110460       1.0113185       1.0009683      0.94215526      0.93534507      0.96508553     -0.19813767   -0.0023439389     0.016212188
       4.1397789      0.92787801      0.92800431      0.91545328      0.87306126      0.94770579      0.85527303      0.90157849      0.89983390     -0.38560086    -0.013954128    0.0071901409
       4.1582392      0.96586917       1.0041509       1.0239830       1.0167214      0.98601671      0.94959389      0.99426660      0.99544445    -0.064703353    0.0050519435     0.018961143
       4.1767011      0.99179953       1.0098791       1.0005358       1.0460033       1.0054991       1.0153132      0.99171567      0.94373347    -0.020008948    0.0043907422    0.0063414890
       4.1951472      0.95384776      0.95609160      0.92434527      0.91526736      0.96600334       1.0008576       1.0249631      0.97166471     -0.21300803     0.019144233    0.0046461658
       4.2136756       1.0041728      0.97946599       1.0085293       1.0114631       1.0250917      0.94719181       1.0244320       1.0185444     0.018456535   -0.0010571717    0.0057076905
       4.2321386       1.0511258       1.0392698       1.0867918       1.0384046       1.0268882       1.0143845       1.0797315       1.0591891      0.18686070    0.0097900685    0.0081572169
       4.2506658      0.91138781      0.98703535      0.97744606      0.88770000      0.98354489      0.97755851      0.94737458      0.90599667     -0.19207387   -0.0062603513     0.016786071
       4.2691917      0.95597555      0.96880183      0.98086687      0.94895948      0.97137180      0.90987118      0.98900175      0.87810414     -0.21806879   -0.0093360562    -0.016986594
       4.2887417      0.87475752      0.91439798      0.94579480      0.91606499      0.91264397      0.89966845      0.92217556      0.85104896     -0.36463907    -0.017741416   -0.0032783747
       4.3072181      0.82889151      0.85157332      0.89191937      0.92355801      0.82048600      0.86985734      0.88166568      0.83332814     -0.45835143     0.011294389   -0.0029916670
       4.3256881      0.79961310      0.87544995      0.86523160      0.83682668      0.81892981      0.79608749      0.89483544      0.81655845     -0.60151839    -0.021205001    -0.016012866
       4.3442106      0.86522629      0.93677713      0.89833592      0.90805698      0.92646675      0.89828549      0.88685712      0.93790429     -0.37513497    -0.011510734    -0.011105726
       4.3626833      0.90426743      0.92654561      0.94372343      0.92403911      0.93368494      0.92960553      0.91164333      0.92033131     -0.33002466     0.010398922   -0.0026503280
       4.3812128      0.94289069      0.90309098      0.94684339      0.97883358       1.0069412      0.92690754       1.0098944      0.91402082     -0.26770616   -0.0027261614    -0.019163379
       4.3996778      0.89957360      0.96176146      0.92335049      0.96934664      0.91087875      0.91890739      0.93619853       1.0370316     -0.21402891    0.0031165071   -0.0056005367
       4.4181844       1.0426669      0.99100825      0.95500345      0.98628788      0.96483116       1.0051637      0.99445089       1.0570333     -0.10344259    0.0014753365   -0.0059280279
       4.4367106       1.0191351       1.0083684      0.99854294       1.0015639      0.96138913      0.99811091      0.98902153      0.95797808    0.0050949380     0.023310274    -0.026505347
       4.4551703       1.0714706       1.0268234      0.90171172      0.98105711      0.97014196       1.0549707      0.96274312       1.0229289    -0.043446049    0.0070303879    -0.012195916
       4.4752300       1.0549496      0.99623056      0.94124939      0.96369459       1.0318756      0.95259271       1.0733680      0.96768220    -0.044576995   -0.0081548793    -0.011584276
       4.4937342       1.0098968       1.0172856      0.95546003      0.96703653      0.98498490      0.95940152       1.0521421      0.95573200    0.0060306345   -0.0015493288    -0.015369483
       4.5121914       1.0003907      0.91009594      0.97219472      0.92250901      0.95214769       1.0026440      0.98077481      0.94322648    -0.053202126   -0.0027273875   -0.0057906564
       4.5307089      0.94907050      0.96895645      0.94528371       1.0054850      0.93013919      0.99377412      0.95330347      0.94449941    -0.079001561    0.0033988405   -0.0044481796
       4.5491831       1.0087903       1.0413346      0.98926858      0.98084881      0.93692347      0.98020105      0.93620696      0.98252848    -0.059940502     0.011855865   -0.0091371611
       4.5676606       1.0529736      0.98535888      0.96738226      0.99771336      0.98140173      0.96210669      0.99848617       1.0683379     0.020645201     0.017011732   -0.0044470690
       4.5861867       1.0252237       1.0458644       1.0177706       1.0037684       1.0435406      0.98980029      0.99937455      0.92699412     0.021869596    0.0066999225    0.0033471524
       4.6047147      0.93413373      0.98292591      0.93521921      0.96022311      0.99700822      0.95099746      0.90507759       1.0312555    -0.062849075   -0.0048745526   -0.0083398167
       4.6232281      0.97298562      0.98689325      0.94203153      0.96507024       1.0384917       1.0314551      0.93264598       1.0695229    -0.055688798    0.0064313207    -0.014224459
       4.6417317      0.99830813      0.97771514      0.96900545      0.99251349      0.90638281      0.95298862      0.95011474      0.96256139    -0.066127829    0.0014598761    -0.010271925
       4.6612489      0.91443233       1.0316064      0.96481701       1.0034917      0.99348719       1.0368109      0.96535941       1.0070792   -0.0047553573   -0.0028952835   -0.0085491007
       4.6797461       1.1036514       1.0173885      0.97998042       1.0658344       1.0346194       1.0002548       1.0266751      0.95213829    0.0088048456    0.0014835184    -0.010968110
       4.6982611      0.95140678       1.0220893      0.95647281      0.96182566      0.95542846      0.94914032      0.91624521      0.98707927     -0.10241117    0.0042944960    -0.014963945
       4.7167197       1.0502572      0.96338831      0.94548465      0.93751790      0.98190227      0.95865607      0.97974347       1.0212719     -0.11997202    0.0041474150    -0.014089676
       4.7351656       1.0052866       1.0084095      0.97175395      0.96043794      0.93795102       1.0108462      0.95594619      0.92327651    -0.093482062    0.0063249501   -0.0060818610
       4.7536375      0.93560490      0.96027094      0.93261065      0.96796534      0.98672895      0.93483503       1.0107665      0.99537310     -0.10398073     0.019304199    0.0049848761
       4.7721733       1.0113292      0.96436247       1.0134926       1.0168933       1.0313559      0.98685428       1.0852773      0.99395482     0.023958692     0.010100209    -0.019800698
       4.7906867      0.99617417      0.97873544       1.0571017       1.0631943       1.0096174      0.96345701       1.1031519       1.0427635     0.061145473    0.0062256320   -0.0041413186
       4.8092078      0.99043861       1.0407986      0.96220974       1.0462543      0.97607080      0.96641040       1.0098386       1.0047596     0.042779911    0.0055549177    -0.019582612
       4.8276928      0.99048529       1.0167358      0.98268140       1.0290321      0.96666525      0.98134336       1.0362292       1.1134423    -0.020064836   0.00079166947   -0.0045175464
       4.8480989      0.96645649       1.0092510       1.0234089      0.94639168      0.96578245      0.97060395       1.0063532      0.98769880     -0.14457378    -0.018294388    0.0050060502
       4.8666308      0.99947458      0.95900633       1.0172863       1.0939541      0.97857435      0.98365735       1.0278017       1.0052677     -0.11540319    -0.022393890    0.0053899940
       4.8956667      0.98631746      0.99358978      0.96974079      0.93940010      0.90047126      0.99491051      0.93635137       1.0109823    -0.079730049     0.011157633   0.00025955634
       4.9141458      0.99769264      0.94432242      0.95975500      0.97771605       1.0458743      0.93177818      0.95309161      0.98136989     -0.13093145   -0.0020614979    -0.022948138
       4.9326736       1.0427151      0.97272581       1.0142325      0.97922581      0.99560420      0.98983835       1.0010087      0.98770600    -0.059392732     0.016119774   -0.0044871331
       4.9511719       1.0401795       1.0382858      0.98222842       1.0167909       1.0154587       1.0063094       1.0355624       1.0667135   -0.0071486323     0.015833562    -0.017512763
       4.9696867      0.99927282       1.0249218       1.0153575       1.0536698       1.0427554      0.97948610      0.93738302      0.99703695     0.064555034    0.0081133097    -0.010306530
       4.9881583       1.0450657       1.0008195      0.96549373      0.92611014      0.93169735      0.93493743      0.97317069       1.0104012    -0.091810897    0.0014494711    -0.022989478
       5.0066719      0.96683084      0.99902219      0.95166255      0.97844113       1.0342639       1.0093538       1.0776912      0.95649441    -0.038672853    0.0017173733    -0.014104762
       5.0251870      0.98455482      0.97341380       1.0707237       1.0565014       1.0201621      0.95764010       1.0962015       1.0268731     0.027748462     0.020856552    -0.025495613
       5.0437114      0.93332058      0.90802323       1.0226840      0.96390061      0.98658004       1.0717378      0.94777408      0.96904087     -0.14917000   -0.0015966983    -0.036374271
       5.0622361      0.97097005      0.99071731       1.0099077       1.0184934      0.98955042       1.0117185      0.94313536       1.0360920    -0.077558234     0.019490572    -0.013363553
       5.0824747       1.0259456      0.97740660      0.97993991      0.94284874       1.0326194      0.99508373      0.98034754      0.97233933     -0.13735498   -0.0044615353    -0.018988034
       5.1009439      0.92662026      0.91079069      0.91216269      0.96404430      0.92099085      0.91774599      0.91385194      0.97077966     -0.30421409    -0.012644460    -0.014402336
       5.1194711       1.0070913      0.98350611      0.96227815      0.95713158      0.96072350      0.88660309      0.98211500       1.0024415    -0.072223686   -0.0040289229   -0.0093436018
       5.1379892       1.0613262      0.95381773       1.0402364      0.94117386      0.95061775      0.98565791       1.0521411      0.98168666   -0.0085020708    0.0024844962    -0.012437745
       5.1565106       1.0127935      0.91206375       1.0430104      0.99189849      0.99076046       1.0505656       1.0293932      0.95975701    -0.014299484  -0.00041921716   -0.0067220745
       5.1750394       1.0263316       1.0079067      0.95321403       1.0062205      0.97715239      0.98650752      0.92158550      0.98567519    -0.043721154   -0.0050307252    -0.020234179
       5.1935506       1.0203031      0.92144799      0.97110823      0.92297455      0.94307944      0.91277806      0.89109279      0.94982620     -0.12001942   -0.0052794553    -0.016155483
       5.2120850       1.0291383      0.96832991      0.95842926      0.95275456      0.95696102       1.0143183      0.97912120      0.95084954     -0.12597068    -0.016577717    -0.016876429
       5.2305517      0.93751113      0.98953195       1.0187821       1.0582616       1.0287669       1.0771963       1.0121611       1.0134330    -0.019138277  -0.00022280531    0.0028739912
       5.2490192      0.98873577      0.97369182      0.97775912       1.0162257      0.99182345      0.95285453       1.0367232      0.94347911     -0.12125619   -0.0041209878    0.0021062929
       5.2686047      0.95174701      0.98205526      0.96162733      0.94164093      0.95914072      0.95689465      0.91636889      0.97515054     -0.17707784    0.0055719391   -0.0017649643
       5.2870872      0.93872499      0.93497050      0.98677233      0.92939432       1.0005770      0.92796409       1.0221867       1.0046076     -0.19714350   -0.0015418688    -0.010156648
       5.3056158      0.93269072      0.88973224      0.88744417      0.84218461      0.92439426      0.99367273      0.92568772      0.88796156     -0.31639868   -0.0062235352    -0.024600785
       5.3241439      0.90645256      0.94607794      0.91991508      0.92248780      0.88905832      0.88679332      0.87904812      0.96411926     -0.33990073    -0.013662576    -0.015713409
       5.3426519      0.98514248      0.91748861      0.92768557      0.96619386      0.96437056      0.96995554      0.92319669      0.94776406     -0.15228795   0.00084337918    -0.021678591
       5.3611644      0.96195281       1.0067733       1.0214526       1.0015255      0.95028275       1.0276511      0.93371980      0.92761296    -0.076678023   -0.0012885116   -0.0034809795
       5.3796267      0.99241379      0.93477869       1.0002715       1.0137777      0.96884670      0.95962288      0.95657061      0.98177358    -0.082539745    0.0044470602    -0.026441051
       5.3981403      0.96057304      0.90137871      0.91005641      0.86600387      0.95919772      0.80041004      0.99431821      0.93301016     -0.29470682    -0.020034637    -0.019679897
       5.4166636      0.93488489      0.95968885       1.0130129      0.98547948      0.94742298      0.95394580       1.0045461      0.94969771     -0.12157081   -0.0015120336   -0.0034189664
       5.4351814      0.95780036      0.86726042       1.0093498      0.93381984      0.94122785      0.93269301       1.0111511      0.95250978     -0.13414894    0.0071417065    0.0059803259
       5.4553736      0.95638939      0.86430562       1.0057114      0.92614212      0.90047208      0.98968838      0.91838206      0.91614090     -0.19898845    0.0075262701    -0.015469436
       5.4739017       1.0035343      0.93310551      0.97196998      0.94255005      0.92447610      0.92917168      0.85874976      0.97583285     -0.23246080     0.011642931    -0.012175090
       5.4923628      0.92872915       1.0014515      0.90807746       1.0106541      0.93643618      0.98834720      0.98505744      0.98066294    -0.097953625     0.018290885    -0.018829457
       5.5108642      0.98025043       1.0260060      0.89357587      0.93182430      0.89626924      0.88702912      0.94009421      0.93427174     -0.18086205    0.0097880848    -0.019373450
       5.5293661      0.96410506      0.95447589      0.85287769      0.94545537      0.92376769      0.93586871      0.93452127      0.94148317     -0.21712701     0.035820048    -0.022982392
       5.5478917      0.91797030      0.90196707      0.83473725      0.92000245      0.86445033      0.87471538      0.87085363      0.85721254     -0.35881424     0.020740464    -0.021575572
       5.5664056      0.95252050      0.93859111      0.90955282      0.92216648      0.85473959      0.94951771      0.90635293      0.91513455     -0.29723293     0.024220649    -0.037954859
       5.5849325      0.96586086      0.98988266      0.93970502      0.97111507      0.88233990      0.94883338      0.97828682      0.96168731     -0.16162913     0.036123887   -0.0088564241
       5.6034528      0.98390712      0.92968993      0.89886441      0.93389631      0.95205065      0.99042722      0.93550646      0.92977393     -0.23851749     0.017093409    -0.032886647
       5.6219644      0.96322497      0.94399548      0.94668696      0.93341967      0.90574388       1.0089504      0.93002094      0.96521588     -0.22515482     0.027404133    -0.032616746
       5.6414414      0.91917901      0.87636574      0.88024108      0.88073659      0.92499261      0.83598198      0.92575194      0.89337315     -0.44013017    0.0083916988   -0.0088753309
       5.6599461      0.87431630      0.89117792      0.85362682      0.97164675      0.92057675      0.87841459      0.90516203      0.91821991     -0.32387957     0.020257037   -0.0038018599
       5.6784689      0.96022136      0.98811749      0.88883272      0.90512582      0.93850122      0.98944515      0.88854490      0.94730906     -0.29883194   -0.0034601092    -0.010448146
       5.6969936      0.97771497      0.90575334      0.90376979      0.95747617       1.0007611       1.0122978      0.98121900       1.0162668     -0.22484970     0.026616212    -0.021947458
       5.7155169      0.96356285      0.91937796      0.97006274      0.98470023      0.91913083      0.92271115       1.0198400      0.96069219     -0.23303325     0.016353427    -0.020164959
       5.7340442      0.98854523      0.94053675      0.95447206      0.92771944      0.97003540       1.0121329      0.93361241      0.93954914     -0.15595798     0.033475798    -0.027463397
       5.7525592      0.91901922      0.94864365      0.91706197      0.92661974      0.88643465      0.96386818      0.87424344      0.89849366     -0.33891347     0.038093537    -0.041057512
       5.7710833      0.90304128      0.96405164      0.90729142      0.93490942      0.95152779      0.92507189       1.0011705      0.85349419     -0.40185437  -6.0737133e-05    -0.029464655
       5.7896122      0.99684127      0.93396532      0.94380725      0.93039731      0.95219058      0.97378551      0.93697027      0.93417155     -0.28759927    0.0092033111    -0.035671186
       5.8081408      0.98210026      0.86755892      0.92273148      0.91290557      0.84885189      0.92974706      0.92828239      0.92468469     -0.36281765     0.024996025    -0.023387585
       5.8283228      0.96119784      0.99118783       1.0004077      0.91907462      0.96434255      0.99361218      0.93632550      0.85587651     -0.23396713    -0.011320852   -0.0085755074
       5.8468444      0.98131589      0.99050203      0.94509538      0.93876672      0.95798583      0.92503654      0.84688710      0.99704526     -0.26310298   -0.0093840286   -0.0051692184